49.93081665039062500000000 -3348.85961914062500000000000 552.52960205078125000000000
49.91809844970703125000000 -3348.62304687500000000000000 552.50378417968750000000000
49.91645431518554687500000 -3348.59277343750000000000000 552.48870849609375000000000
49.91321182250976562500000 -3348.53247070312500000000000 552.48498535156250000000000
49.88685989379882812500000 -3348.04199218750000000000000 552.46081542968750000000000
49.85092926025390625000000 -3347.36914062500000000000000 552.58111572265625000000000
49.75918960571289062500000 -3345.64965820312500000000000 552.95904541015625000000000
49.72805786132812500000000 -3345.06591796875000000000000 553.10076904296875000000000
49.66924285888671875000000 -3343.96264648437500000000000 553.37316894531250000000000
49.58745956420898437500000 -3342.42895507812500000000000 553.73974609375000000000000
49.52189254760742187500000 -3341.19921875000000000000000 554.04595947265625000000000
49.44642257690429687500000 -3339.78369140625000000000000 554.39666748046875000000000
49.40172576904296875000000 -3338.94531250000000000000000 554.60424804687500000000000
49.30386734008789062500000 -3337.10986328125000000000000 555.05426025390625000000000
49.23631286621093750000000 -3335.84277343750000000000000 555.36254882812500000000000
49.10751342773437500000000 -3333.42724609375000000000000 555.95471191406250000000000
49.10350418090820312500000 -3333.35205078125000000000000 555.97296142578125000000000
49.09340286254882812500000 -3333.16259765625000000000000 556.01873779296875000000000
48.97616195678710937500000 -3330.96386718750000000000000 556.54821777343750000000000
48.93938446044921875000000 -3330.27416992187500000000000 556.71490478515625000000000
48.75769424438476562500000 -3326.86669921875000000000000 557.53552246093750000000000
48.69006729125976562500000 -3325.59863281250000000000000 557.84020996093750000000000
48.68018341064453125000000 -3325.41333007812500000000000 557.88482666015625000000000
48.55704498291015625000000 -3323.10400390625000000000000 558.43823242187500000000000
48.54166412353515625000000 -3322.81567382812500000000000 558.50726318359375000000000
48.53404998779296875000000 -3322.67285156250000000000000 558.54058837890625000000000
48.39444351196289062500000 -3320.05517578125000000000000 559.15087890625000000000000
48.37206649780273437500000 -3319.63574218750000000000000 559.24780273437500000000000
48.20634460449218750000000 -3316.52880859375000000000000 559.95532226562500000000000
48.02223587036132812500000 -3313.07739257812500000000000 560.74285888671875000000000
47.92140579223632812500000 -3311.18701171875000000000000 561.17651367187500000000000
47.83513259887695312500000 -3309.56958007812500000000000 561.54748535156250000000000
47.74927139282226562500000 -3307.95996093750000000000000 561.91284179687500000000000
47.69375610351562500000000 -3306.91918945312500000000000 562.14862060546875000000000
47.63454818725585937500000 -3305.80932617187500000000000 562.39556884765625000000000
47.58913421630859375000000 -3304.95825195312500000000000 562.58111572265625000000000
47.52940368652343750000000 -3303.83862304687500000000000 562.82763671875000000000000
47.40944290161132812500000 -3301.59008789062500000000000 563.32452392578125000000000
47.29769897460937500000000 -3299.49584960937500000000000 563.77960205078125000000000
47.19783020019531250000000 -3297.62402343750000000000000 564.18548583984375000000000
47.07534027099609375000000 -3295.32836914062500000000000 564.67987060546875000000000
46.97437667846679687500000 -3293.43627929687500000000000 565.08941650390625000000000
46.84473800659179687500000 -3291.00659179687500000000000 565.60876464843750000000000
46.68416595458984375000000 -3287.99731445312500000000000 566.25787353515625000000000
46.61792755126953125000000 -3286.75585937500000000000000 566.52679443359375000000000
46.56283187866210937500000 -3285.72338867187500000000000 566.74847412109375000000000
46.41176986694335937500000 -3282.89233398437500000000000 567.35217285156250000000000
46.28496932983398437500000 -3280.51635742187500000000000 567.85656738281250000000000
46.15847396850585937500000 -3278.14575195312500000000000 568.36059570312500000000000
46.09502029418945312500000 -3276.95654296875000000000000 568.61370849609375000000000
46.02952575683593750000000 -3275.72924804687500000000000 568.87915039062500000000000
45.96922683715820312500000 -3274.59887695312500000000000 569.12487792968750000000000
45.83810424804687500000000 -3272.14135742187500000000000 569.66522216796875000000000
45.73675155639648437500000 -3270.24145507812500000000000 570.08630371093750000000000
45.62646484375000000000000 -3268.17456054687500000000000 570.53643798828125000000000
45.58293533325195312500000 -3267.35864257812500000000000 570.71411132812500000000000
45.54434204101562500000000 -3266.63549804687500000000000 570.86804199218750000000000
45.41415405273437500000000 -3264.19580078125000000000000 571.38214111328125000000000
45.40104675292968750000000 -3263.95019531250000000000000 571.43353271484375000000000
45.39412689208984375000000 -3263.82055664062500000000000 571.45996093750000000000000
45.19316482543945312500000 -3260.05541992187500000000000 572.23071289062500000000000
45.09560775756835937500000 -3258.22778320312500000000000 572.59606933593750000000000
45.05173873901367187500000 -3257.40576171875000000000000 572.76043701171875000000000
44.92813873291015625000000 -3255.09057617187500000000000 573.21844482421875000000000
44.87118148803710937500000 -3254.02343750000000000000000 573.43048095703125000000000
44.72027587890625000000000 -3251.19677734375000000000000 573.98504638671875000000000
44.65214920043945312500000 -3249.92041015625000000000000 574.23779296875000000000000
44.57349777221679687500000 -3248.44702148437500000000000 574.53326416015625000000000
44.45227813720703125000000 -3246.17626953125000000000000 574.98638916015625000000000
44.38904190063476562500000 -3244.99145507812500000000000 575.22625732421875000000000
44.32951736450195312500000 -3243.87622070312500000000000 575.45013427734375000000000
44.20836639404296875000000 -3241.60644531250000000000000 575.90795898437500000000000
44.13882064819335937500000 -3240.30371093750000000000000 576.16864013671875000000000
44.06592941284179687500000 -3238.93823242187500000000000 576.43908691406250000000000
43.95137405395507812500000 -3236.79248046875000000000000 576.85791015625000000000000
43.93767929077148437500000 -3236.53588867187500000000000 576.90661621093750000000000
43.84707641601562500000000 -3234.83911132812500000000000 577.22833251953125000000000
43.76664352416992187500000 -3233.33300781250000000000000 577.50683593750000000000000
43.66995239257812500000000 -3231.52221679687500000000000 577.84240722656250000000000
43.63331222534179687500000 -3230.83593750000000000000000 577.97009277343750000000000
43.59929275512695312500000 -3230.19873046875000000000000 578.09069824218750000000000
43.47241210937500000000000 -3227.82250976562500000000000 578.54315185546875000000000
43.43595123291015625000000 -3227.13940429687500000000000 578.67858886718750000000000
43.41267395019531250000000 -3226.70336914062500000000000 578.76397705078125000000000
43.36086273193359375000000 -3225.73266601562500000000000 578.96258544921875000000000
43.29304122924804687500000 -3224.46215820312500000000000 579.22088623046875000000000
43.19702529907226562500000 -3222.66308593750000000000000 579.58416748046875000000000
43.16195678710937500000000 -3222.00610351562500000000000 579.71728515625000000000000
43.12187194824218750000000 -3221.25537109375000000000000 579.86584472656250000000000
43.03781127929687500000000 -3219.68066406250000000000000 580.17590332031250000000000
42.94908905029296875000000 -3218.01879882812500000000000 580.49633789062500000000000
42.86296844482421875000000 -3216.40576171875000000000000 580.80157470703125000000000
42.77941894531250000000000 -3214.84130859375000000000000 581.09460449218750000000000
42.58817291259765625000000 -3211.25976562500000000000000 581.76098632812500000000000
42.54025650024414062500000 -3210.36230468750000000000000 581.92944335937500000000000
42.44974899291992187500000 -3208.66748046875000000000000 582.24456787109375000000000
42.32028579711914062500000 -3206.24291992187500000000000 582.69342041015625000000000
42.25078964233398437500000 -3204.94165039062500000000000 582.93475341796875000000000
42.12740325927734375000000 -3202.63110351562500000000000 583.35552978515625000000000
41.98817825317382812500000 -3200.02416992187500000000000 583.83264160156250000000000
41.95534896850585937500000 -3199.40942382812500000000000 583.94519042968750000000000
41.75214767456054687500000 -3195.60400390625000000000000 584.65100097656250000000000
41.72485351562500000000000 -3195.09277343750000000000000 584.74603271484375000000000
41.71617507934570312500000 -3194.93041992187500000000000 584.77673339843750000000000
41.70802688598632812500000 -3194.77783203125000000000000 584.80517578125000000000000
41.65994644165039062500000 -3193.87744140625000000000000 584.97265625000000000000000
41.50677490234375000000000 -3191.00878906250000000000000 585.50512695312500000000000
41.46580886840820312500000 -3190.24169921875000000000000 585.64868164062500000000000
41.33651351928710937500000 -3187.82031250000000000000000 586.09869384765625000000000
41.26197052001953125000000 -3186.42431640625000000000000 586.35925292968750000000000
41.09357833862304687500000 -3183.27099609375000000000000 586.94506835937500000000000
40.96100997924804687500000 -3180.78833007812500000000000 587.40045166015625000000000
40.93800354003906250000000 -3180.35766601562500000000000 587.47863769531250000000000
40.82678604125976562500000 -3178.27514648437500000000000 587.85394287109375000000000
40.80046081542968750000000 -3177.78222656250000000000000 587.94244384765625000000000
40.61874389648437500000000 -3174.37988281250000000000000 588.54870605468750000000000
40.57492065429687500000000 -3173.55932617187500000000000 588.69628906250000000000000
40.45237731933593750000000 -3171.26513671875000000000000 589.10070800781250000000000
40.41279983520507812500000 -3170.52416992187500000000000 589.22888183593750000000000
40.36577606201171875000000 -3169.64379882812500000000000 589.37921142578125000000000
40.25931167602539062500000 -3167.65112304687500000000000 589.71032714843750000000000
40.16014480590820312500000 -3165.79492187500000000000000 590.01611328125000000000000
40.11898803710937500000000 -3165.02465820312500000000000 590.14202880859375000000000
40.08867263793945312500000 -3164.45751953125000000000000 590.23394775390625000000000
39.92529296875000000000000 -3161.39965820312500000000000 590.73266601562500000000000
39.75428390502929687500000 -3158.19897460937500000000000 591.25579833984375000000000
39.72350311279296875000000 -3157.62280273437500000000000 591.35052490234375000000000
39.70560073852539062500000 -3157.28784179687500000000000 591.40527343750000000000000
39.52533721923828125000000 -3153.91406250000000000000000 591.95251464843750000000000
39.51958084106445312500000 -3153.80615234375000000000000 591.97003173828125000000000
39.51732635498046875000000 -3153.76416015625000000000000 591.97692871093750000000000
39.26916503906250000000000 -3149.11914062500000000000000 592.74359130859375000000000
39.16722488403320312500000 -3147.21118164062500000000000 593.06237792968750000000000
39.04553604125976562500000 -3144.93334960937500000000000 593.43945312500000000000000
39.01313400268554687500000 -3144.32690429687500000000000 593.54010009765625000000000
38.99596786499023437500000 -3144.00561523437500000000000 593.59399414062500000000000
38.98590087890625000000000 -3143.81713867187500000000000 593.62536621093750000000000
38.83718490600585937500000 -3141.03369140625000000000000 594.08483886718750000000000
38.77257919311523437500000 -3139.82470703125000000000000 594.27752685546875000000000
38.72897338867187500000000 -3139.00854492187500000000000 594.40850830078125000000000
38.66466140747070312500000 -3137.80517578125000000000000 594.59503173828125000000000
38.56789016723632812500000 -3135.99438476562500000000000 594.86950683593750000000000
38.52556991577148437500000 -3135.20263671875000000000000 594.98907470703125000000000
38.46243286132812500000000 -3134.02148437500000000000000 595.16564941406250000000000
38.35930252075195312500000 -3132.09179687500000000000000 595.45202636718750000000000
38.25231552124023437500000 -3130.09008789062500000000000 595.75750732421875000000000
38.22531509399414062500000 -3129.58496093750000000000000 595.83526611328125000000000
38.20654296875000000000000 -3129.23364257812500000000000 595.89080810546875000000000
38.10703277587890625000000 -3127.37133789062500000000000 596.18438720703125000000000
37.98120117187500000000000 -3125.01660156250000000000000 596.55615234375000000000000
37.93172073364257812500000 -3124.09057617187500000000000 596.70385742187500000000000
37.78382492065429687500000 -3121.32275390625000000000000 597.15057373046875000000000
37.59142684936523437500000 -3117.72192382812500000000000 597.73138427734375000000000
37.45821762084960937500000 -3115.22900390625000000000000 598.13067626953125000000000
37.34057235717773437500000 -3113.02734375000000000000000 598.47955322265625000000000
37.21592330932617187500000 -3110.69482421875000000000000 598.84381103515625000000000
37.08322906494140625000000 -3108.21191406250000000000000 599.22717285156250000000000
37.01700973510742187500000 -3106.97290039062500000000000 599.41900634765625000000000
36.97444915771484375000000 -3106.17651367187500000000000 599.53991699218750000000000
36.87504577636718750000000 -3104.31665039062500000000000 599.81982421875000000000000
36.81510162353515625000000 -3103.19531250000000000000000 599.98522949218750000000000
36.65036392211914062500000 -3100.11328125000000000000000 600.43457031250000000000000
36.60524749755859375000000 -3099.26928710937500000000000 600.55480957031250000000000
36.47353744506835937500000 -3096.80566406250000000000000 600.89996337890625000000000
36.32303237915039062500000 -3093.99072265625000000000000 601.28784179687500000000000
36.24892807006835937500000 -3092.60473632812500000000000 601.47534179687500000000000
36.12015151977539062500000 -3090.19653320312500000000000 601.79571533203125000000000
36.05698776245117187500000 -3089.01513671875000000000000 601.95166015625000000000000
35.85408020019531250000000 -3085.22070312500000000000000 602.44720458984375000000000
35.77423858642578125000000 -3083.72778320312500000000000 602.64233398437500000000000
35.58165740966796875000000 -3080.12646484375000000000000 603.10827636718750000000000
35.51741409301757812500000 -3078.92504882812500000000000 603.26763916015625000000000
35.45884323120117187500000 -3077.82958984375000000000000 603.41339111328125000000000
35.26361846923828125000000 -3074.17895507812500000000000 603.88732910156250000000000
35.25455856323242187500000 -3074.00952148437500000000000 603.90930175781250000000000
35.24978256225585937500000 -3073.92016601562500000000000 603.92083740234375000000000
34.87541198730468750000000 -3066.91943359375000000000000 604.82489013671875000000000
34.84704589843750000000000 -3066.38916015625000000000000 604.89447021484375000000000
34.76107025146484375000000 -3064.78125000000000000000000 605.10626220703125000000000
34.76061630249023437500000 -3064.77270507812500000000000 605.10742187500000000000000
34.54188919067382812500000 -3060.68188476562500000000000 605.66455078125000000000000
34.48047637939453125000000 -3059.53320312500000000000000 605.81842041015625000000000
34.37312316894531250000000 -3057.52539062500000000000000 606.09136962890625000000000
34.19078826904296875000000 -3054.11547851562500000000000 606.54534912109375000000000
34.18539047241210937500000 -3054.01464843750000000000000 606.55895996093750000000000
34.17973327636718750000000 -3053.90869140625000000000000 606.57281494140625000000000
34.01812362670898437500000 -3050.88647460937500000000000 606.96856689453125000000000
33.90843963623046875000000 -3048.83569335937500000000000 607.22747802734375000000000
33.88024139404296875000000 -3048.30834960937500000000000 607.29559326171875000000000
33.82851791381835937500000 -3047.34130859375000000000000 607.41638183593750000000000
33.75802993774414062500000 -3046.02343750000000000000000 607.57653808593750000000000
33.66579055786132812500000 -3044.29882812500000000000000 607.78759765625000000000000
33.60452270507812500000000 -3043.15356445312500000000000 607.92309570312500000000000
33.44249343872070312500000 -3040.12426757812500000000000 608.28234863281250000000000
33.37432861328125000000000 -3038.85009765625000000000000 608.43469238281250000000000
33.28376388549804687500000 -3037.15698242187500000000000 608.63970947265625000000000
33.25538253784179687500000 -3036.62622070312500000000000 608.70520019531250000000000
33.09751892089843750000000 -3033.67456054687500000000000 609.07086181640625000000000
32.93455123901367187500000 -3030.62768554687500000000000 609.44476318359375000000000
32.79966735839843750000000 -3028.10595703125000000000000 609.74932861328125000000000
32.75414276123046875000000 -3027.25488281250000000000000 609.85180664062500000000000
32.72927093505859375000000 -3026.78979492187500000000000 609.90625000000000000000000
32.56388473510742187500000 -3023.69799804687500000000000 610.27014160156250000000000
32.47137832641601562500000 -3021.96875000000000000000000 610.46960449218750000000000
32.31169509887695312500000 -3018.98388671875000000000000 610.80792236328125000000000
32.27866744995117187500000 -3018.36669921875000000000000 610.87799072265625000000000
32.14051818847656250000000 -3015.78417968750000000000000 611.17340087890625000000000
32.11143493652343750000000 -3015.24047851562500000000000 611.23547363281250000000000
32.10923004150390625000000 -3015.19946289062500000000000 611.24035644531250000000000
32.10340118408203125000000 -3015.09057617187500000000000 611.25305175781250000000000
31.92315864562988281250000 -3011.72094726562500000000000 611.64636230468750000000000
31.82688140869140625000000 -3009.92138671875000000000000 611.85479736328125000000000
31.71226119995117187500000 -3007.77880859375000000000000 612.09893798828125000000000
31.65145301818847656250000 -3006.64208984375000000000000 612.22802734375000000000000
31.60895729064941406250000 -3005.84765625000000000000000 612.31744384765625000000000
31.48355484008789062500000 -3003.50390625000000000000000 612.57513427734375000000000
31.34277343750000000000000 -3000.87255859375000000000000 612.86334228515625000000000
31.22750663757324218750000 -2998.71826171875000000000000 613.10394287109375000000000
31.15222930908203125000000 -2997.31127929687500000000000 613.26013183593750000000000
31.11501312255859375000000 -2996.61572265625000000000000 613.33557128906250000000000
31.06921768188476562500000 -2995.75976562500000000000000 613.42602539062500000000000
31.01085472106933593750000 -2994.66918945312500000000000 613.53942871093750000000000
30.89501953125000000000000 -2992.50439453125000000000000 613.76495361328125000000000
30.80925941467285156250000 -2990.90185546875000000000000 613.92993164062500000000000
30.75445556640625000000000 -2989.87768554687500000000000 614.03729248046875000000000
30.47406196594238281250000 -2984.63745117187500000000000 614.59179687500000000000000
30.45837974548339843750000 -2984.34423828125000000000000 614.62286376953125000000000
30.43968200683593750000000 -2983.99487304687500000000000 614.65893554687500000000000
30.30653190612792968750000 -2981.50683593750000000000000 614.91326904296875000000000
30.12537956237792968750000 -2978.12158203125000000000000 615.25769042968750000000000
30.10133934020996093750000 -2977.67236328125000000000000 615.30310058593750000000000
30.08226776123046875000000 -2977.31616210937500000000000 615.33898925781250000000000
29.90640068054199218750000 -2974.02978515625000000000000 615.67291259765625000000000
29.83084297180175781250000 -2972.61791992187500000000000 615.81658935546875000000000
29.81840515136718750000000 -2972.38549804687500000000000 615.83953857421875000000000
29.76105499267578125000000 -2971.31396484375000000000000 615.94268798828125000000000
29.72367095947265625000000 -2970.61547851562500000000000 616.00958251953125000000000
29.71302795410156250000000 -2970.41650390625000000000000 616.02832031250000000000000
29.54745674133300781250000 -2967.32324218750000000000000 616.31719970703125000000000
29.44805526733398437500000 -2965.46606445312500000000000 616.49548339843750000000000
29.35340309143066406250000 -2963.69750976562500000000000 616.66961669921875000000000
29.25289344787597656250000 -2961.81933593750000000000000 616.86065673828125000000000
29.21492195129394531250000 -2961.10961914062500000000000 616.93328857421875000000000
29.16313552856445312500000 -2960.14208984375000000000000 617.03265380859375000000000
29.03774642944335937500000 -2957.79882812500000000000000 617.27569580078125000000000
28.92188644409179687500000 -2955.63378906250000000000000 617.49505615234375000000000
28.85410690307617187500000 -2954.36718750000000000000000 617.62261962890625000000000
28.71169662475585937500000 -2951.70629882812500000000000 617.88885498046875000000000
28.68591499328613281250000 -2951.22436523437500000000000 617.93621826171875000000000
28.62042427062988281250000 -2950.00097656250000000000000 618.05114746093750000000000
28.43532371520996093750000 -2946.54248046875000000000000 618.37957763671875000000000
28.42202568054199218750000 -2946.29418945312500000000000 618.40325927734375000000000
28.26082229614257812500000 -2943.28247070312500000000000 618.68756103515625000000000
28.25646018981933593750000 -2943.20092773437500000000000 618.69531250000000000000000
28.12696647644042968750000 -2940.78149414062500000000000 618.92834472656250000000000
28.05348014831542968750000 -2939.40844726562500000000000 619.05938720703125000000000
27.97944641113281250000000 -2938.02514648437500000000000 619.19415283203125000000000
27.93542671203613281250000 -2937.20263671875000000000000 619.27270507812500000000000
27.78686332702636718750000 -2934.42700195312500000000000 619.53259277343750000000000
27.62545585632324218750000 -2931.41186523437500000000000 619.80761718750000000000000
27.56002998352050781250000 -2930.18945312500000000000000 619.91992187500000000000000
27.46437263488769531250000 -2928.40258789062500000000000 620.08239746093750000000000
27.38319015502929687500000 -2926.88574218750000000000000 620.22180175781250000000000
27.30289649963378906250000 -2925.38574218750000000000000 620.35894775390625000000000
27.19357109069824218750000 -2923.34326171875000000000000 620.55010986328125000000000
27.01847648620605468750000 -2920.07226562500000000000000 620.85083007812500000000000
26.94107055664062500000000 -2918.62597656250000000000000 620.98590087890625000000000
26.80374145507812500000000 -2916.06054687500000000000000 621.21795654296875000000000
26.73178863525390625000000 -2914.71655273437500000000000 621.33996582031250000000000
26.67729949951171875000000 -2913.69848632812500000000000 621.43304443359375000000000
26.39823150634765625000000 -2908.48510742187500000000000 621.90289306640625000000000
26.37744903564453125000000 -2908.09692382812500000000000 621.93719482421875000000000
26.18910598754882812500000 -2904.57885742187500000000000 622.24188232421875000000000
26.15870857238769531250000 -2904.01098632812500000000000 622.29077148437500000000000
26.05545616149902343750000 -2902.08251953125000000000000 622.45172119140625000000000
25.94461822509765625000000 -2900.01245117187500000000000 622.61621093750000000000000
25.85332679748535156250000 -2898.30761718750000000000000 622.75378417968750000000000
25.75207328796386718750000 -2896.41674804687500000000000 622.89477539062500000000000
25.69809341430664062500000 -2895.40869140625000000000000 622.96850585937500000000000
25.66636085510253906250000 -2894.81616210937500000000000 623.01263427734375000000000
25.49545669555664062500000 -2891.62524414062500000000000 623.23773193359375000000000
25.42626190185546875000000 -2890.33325195312500000000000 623.32446289062500000000000
25.32335662841796875000000 -2888.41210937500000000000000 623.45208740234375000000000
25.24458885192871093750000 -2886.94165039062500000000000 623.54693603515625000000000
25.18556594848632812500000 -2885.83959960937500000000000 623.61987304687500000000000
25.03326988220214843750000 -2882.99633789062500000000000 623.80938720703125000000000
24.90319252014160156250000 -2880.56762695312500000000000 623.97662353515625000000000
24.67000770568847656250000 -2876.21386718750000000000000 624.27807617187500000000000
24.61399078369140625000000 -2875.16796875000000000000000 624.35052490234375000000000
24.57295227050781250000000 -2874.40161132812500000000000 624.40332031250000000000000
24.24927711486816406250000 -2868.35839843750000000000000 624.82354736328125000000000
24.17319869995117187500000 -2866.93774414062500000000000 624.92718505859375000000000
24.05085182189941406250000 -2864.65332031250000000000000 625.09118652343750000000000
23.90036392211914062500000 -2861.84326171875000000000000 625.29565429687500000000000
23.88404655456542968750000 -2861.53857421875000000000000 625.31805419921875000000000
23.76906585693359375000000 -2859.39160156250000000000000 625.47186279296875000000000
23.67161560058593750000000 -2857.57202148437500000000000 625.60235595703125000000000
23.64604949951171875000000 -2857.09472656250000000000000 625.63610839843750000000000
23.51280212402343750000000 -2854.60668945312500000000000 625.80999755859375000000000
23.45454406738281250000000 -2853.51879882812500000000000 625.88720703125000000000000
23.38766479492187500000000 -2852.27001953125000000000000 625.97686767578125000000000
23.28187751770019531250000 -2850.29492187500000000000000 626.11120605468750000000000
23.27735710144042968750000 -2850.21069335937500000000000 626.11676025390625000000000
23.26350021362304687500000 -2849.95190429687500000000000 626.13311767578125000000000
23.13859748840332031250000 -2847.62011718750000000000000 626.28198242187500000000000
23.05916213989257812500000 -2846.13745117187500000000000 626.37353515625000000000000
22.95433616638183593750000 -2844.18066406250000000000000 626.49230957031250000000000
22.84833145141601562500000 -2842.20166015625000000000000 626.61273193359375000000000
22.78842353820800781250000 -2841.08349609375000000000000 626.68017578125000000000000
22.65789031982421875000000 -2838.64672851562500000000000 626.82983398437500000000000
22.60144805908203125000000 -2837.59326171875000000000000 626.89465332031250000000000
22.52118682861328125000000 -2836.09472656250000000000000 626.99224853515625000000000
22.50610733032226562500000 -2835.81323242187500000000000 627.01086425781250000000000
22.49269676208496093750000 -2835.56274414062500000000000 627.02844238281250000000000
22.34970092773437500000000 -2832.89282226562500000000000 627.21502685546875000000000
22.31137657165527343750000 -2832.17724609375000000000000 627.26586914062500000000000
22.13805961608886718750000 -2828.94140625000000000000000 627.48858642578125000000000
22.09868812561035156250000 -2828.20629882812500000000000 627.53942871093750000000000
22.03036880493164062500000 -2826.93090820312500000000000 627.61987304687500000000000
21.90874290466308593750000 -2824.66040039062500000000000 627.76348876953125000000000
21.84049224853515625000000 -2823.38623046875000000000000 627.84204101562500000000000
21.71493530273437500000000 -2821.04248046875000000000000 627.98156738281250000000000
21.61215400695800781250000 -2819.12402343750000000000000 628.09790039062500000000000
21.48994636535644531250000 -2816.84301757812500000000000 628.22277832031250000000000
21.41229057312011718750000 -2815.39355468750000000000000 628.30194091796875000000000
21.36676406860351562500000 -2814.54418945312500000000000 628.34399414062500000000000
21.28365516662597656250000 -2812.99291992187500000000000 628.42608642578125000000000
21.21364974975585937500000 -2811.68627929687500000000000 628.49920654296875000000000
21.16208076477050781250000 -2810.72387695312500000000000 628.55383300781250000000000
21.06094360351562500000000 -2808.83593750000000000000000 628.66925048828125000000000
20.99674987792968750000000 -2807.63745117187500000000000 628.74359130859375000000000
20.94314002990722656250000 -2806.63671875000000000000000 628.80395507812500000000000
20.86839103698730468750000 -2805.24145507812500000000000 628.88781738281250000000000
20.81078720092773437500000 -2804.16625976562500000000000 628.94873046875000000000000
20.72520256042480468750000 -2802.56884765625000000000000 629.03649902343750000000000
20.52882766723632812500000 -2798.90380859375000000000000 629.23962402343750000000000
20.46345520019531250000000 -2797.68359375000000000000000 629.30645751953125000000000
20.44562149047851562500000 -2797.35083007812500000000000 629.32440185546875000000000
20.28926658630371093750000 -2794.43261718750000000000000 629.47973632812500000000000
20.21508407592773437500000 -2793.04833984375000000000000 629.54760742187500000000000
20.13011932373046875000000 -2791.46264648437500000000000 629.62579345703125000000000
20.07420349121093750000000 -2790.41943359375000000000000 629.67327880859375000000000
19.99252891540527343750000 -2788.89526367187500000000000 629.74383544921875000000000
19.85459327697753906250000 -2786.32153320312500000000000 629.85876464843750000000000
19.81681442260742187500000 -2785.61645507812500000000000 629.89190673828125000000000
19.71168708801269531250000 -2783.65478515625000000000000 629.98693847656250000000000
19.63079643249511718750000 -2782.14501953125000000000000 630.06500244140625000000000
19.54322052001953125000000 -2780.51074218750000000000000 630.15185546875000000000000
19.33692550659179687500000 -2776.66040039062500000000000 630.36566162109375000000000
19.24016571044921875000000 -2774.85424804687500000000000 630.46661376953125000000000
19.23478698730468750000000 -2774.75390625000000000000000 630.47229003906250000000000
19.22067070007324218750000 -2774.49047851562500000000000 630.48608398437500000000000
19.05425262451171875000000 -2771.38452148437500000000000 630.65179443359375000000000
18.85472869873046875000000 -2767.66113281250000000000000 630.83624267578125000000000
18.83427619934082031250000 -2767.27929687500000000000000 630.85461425781250000000000
18.73479461669921875000000 -2765.42309570312500000000000 630.93994140625000000000000
18.68696594238281250000000 -2764.53051757812500000000000 630.98107910156250000000000
18.67628669738769531250000 -2764.33129882812500000000000 630.98974609375000000000000
18.60285949707031250000000 -2762.96142578125000000000000 631.04534912109375000000000
18.39696884155273437500000 -2759.12011718750000000000000 631.20190429687500000000000
18.38558006286621093750000 -2758.90747070312500000000000 631.21014404296875000000000
18.20101165771484375000000 -2755.46411132812500000000000 631.34008789062500000000000
18.04326248168945312500000 -2752.52124023437500000000000 631.45147705078125000000000
17.86832237243652343750000 -2749.25756835937500000000000 631.57659912109375000000000
17.76840591430664062500000 -2747.39355468750000000000000 631.64648437500000000000000
17.66815376281738281250000 -2745.52319335937500000000000 631.71557617187500000000000
17.55014801025390625000000 -2743.32177734375000000000000 631.79400634765625000000000
17.51551246643066406250000 -2742.67578125000000000000000 631.81591796875000000000000
17.47101593017578125000000 -2741.84545898437500000000000 631.84979248046875000000000
17.36458778381347656250000 -2739.85986328125000000000000 631.92938232421875000000000
17.24701690673828125000000 -2737.66625976562500000000000 632.02032470703125000000000
17.05689239501953125000000 -2734.11914062500000000000000 632.16192626953125000000000
17.03682518005371093750000 -2733.74487304687500000000000 632.17681884765625000000000
17.02337646484375000000000 -2733.49389648437500000000000 632.18621826171875000000000
16.88487815856933593750000 -2730.91015625000000000000000 632.28009033203125000000000
16.77911376953125000000000 -2728.93701171875000000000000 632.35009765625000000000000
16.57569694519042968750000 -2725.14257812500000000000000 632.48071289062500000000000
16.41419029235839843750000 -2722.12963867187500000000000 632.58654785156250000000000
16.33848190307617187500000 -2720.71728515625000000000000 632.63549804687500000000000
16.14621543884277343750000 -2717.13061523437500000000000 632.75939941406250000000000
16.03936576843261718750000 -2715.13745117187500000000000 632.82580566406250000000000
16.00101852416992187500000 -2714.42236328125000000000000 632.84765625000000000000000
15.91349887847900390625000 -2712.78979492187500000000000 632.89727783203125000000000
15.85210132598876953125000 -2711.64477539062500000000000 632.92840576171875000000000
15.67782592773437500000000 -2708.39428710937500000000000 633.02038574218750000000000
15.67378425598144531250000 -2708.31884765625000000000000 633.02252197265625000000000
15.66405105590820312500000 -2708.13720703125000000000000 633.02807617187500000000000
15.52480792999267578125000 -2705.54003906250000000000000 633.10705566406250000000000
15.46963214874267578125000 -2704.51074218750000000000000 633.14123535156250000000000
15.14358425140380859375000 -2698.42871093750000000000000 633.34252929687500000000000
15.02637672424316406250000 -2696.24243164062500000000000 633.41522216796875000000000
14.97774505615234375000000 -2695.33520507812500000000000 633.44616699218750000000000
14.88577270507812500000000 -2693.61938476562500000000000 633.50573730468750000000000
14.83207511901855468750000 -2692.61791992187500000000000 633.53918457031250000000000
14.76122570037841796875000 -2691.29638671875000000000000 633.57989501953125000000000
14.67654895782470703125000 -2689.71679687500000000000000 633.62701416015625000000000
14.60019683837890625000000 -2688.29296875000000000000000 633.66528320312500000000000
14.47981357574462890625000 -2686.04760742187500000000000 633.72857666015625000000000
14.40327262878417968750000 -2684.62011718750000000000000 633.76556396484375000000000
14.24035072326660156250000 -2681.58129882812500000000000 633.85144042968750000000000
14.22944831848144531250000 -2681.37792968750000000000000 633.85614013671875000000000
14.04393196105957031250000 -2677.91796875000000000000000 633.94738769531250000000000
13.97777462005615234375000 -2676.68408203125000000000000 633.97662353515625000000000
13.92986488342285156250000 -2675.79077148437500000000000 633.99993896484375000000000
13.89334583282470703125000 -2675.10961914062500000000000 634.01568603515625000000000
13.86485481262207031250000 -2674.57836914062500000000000 634.02813720703125000000000
13.78781318664550781250000 -2673.14160156250000000000000 634.05975341796875000000000
13.73876571655273437500000 -2672.22705078125000000000000 634.07849121093750000000000
13.60955333709716796875000 -2669.81762695312500000000000 634.12030029296875000000000
13.55756950378417968750000 -2668.84814453125000000000000 634.13983154296875000000000
13.45288562774658203125000 -2666.89624023437500000000000 634.17480468750000000000000
13.36101913452148437500000 -2665.18334960937500000000000 634.20550537109375000000000
13.24981784820556640625000 -2663.10961914062500000000000 634.24725341796875000000000
13.01167488098144531250000 -2658.66894531250000000000000 634.33166503906250000000000
12.97383308410644531250000 -2657.96337890625000000000000 634.34490966796875000000000
12.95954418182373046875000 -2657.69702148437500000000000 634.34991455078125000000000
12.63564682006835937500000 -2651.65722656250000000000000 634.46087646484375000000000
12.52326297760009765625000 -2649.56176757812500000000000 634.49523925781250000000000
12.49695491790771484375000 -2649.07128906250000000000000 634.50372314453125000000000
12.48353672027587890625000 -2648.82104492187500000000000 634.50756835937500000000000
12.32765197753906250000000 -2645.91455078125000000000000 634.54864501953125000000000
12.10054683685302734375000 -2641.68041992187500000000000 634.60510253906250000000000
12.02362823486328125000000 -2640.24633789062500000000000 634.62640380859375000000000
11.94177818298339843750000 -2638.72021484375000000000000 634.65161132812500000000000
11.81229400634765625000000 -2636.30566406250000000000000 634.69323730468750000000000
11.75175666809082031250000 -2635.17675781250000000000000 634.71417236328125000000000
11.72047615051269531250000 -2634.59350585937500000000000 634.72467041015625000000000
11.50221920013427734375000 -2630.52416992187500000000000 634.78955078125000000000000
11.43163204193115234375000 -2629.20800781250000000000000 634.81109619140625000000000
11.41421985626220703125000 -2628.88330078125000000000000 634.81579589843750000000000
11.39395141601562500000000 -2628.50537109375000000000000 634.82061767578125000000000
11.01957130432128906250000 -2621.52563476562500000000000 634.90539550781250000000000
10.94063472747802734375000 -2620.05395507812500000000000 634.92309570312500000000000
10.65327072143554687500000 -2614.69628906250000000000000 634.98583984375000000000000
10.56748867034912109375000 -2613.09716796875000000000000 635.00451660156250000000000
10.33326148986816406250000 -2608.73046875000000000000000 635.05029296875000000000000
10.26575756072998046875000 -2607.47192382812500000000000 635.06408691406250000000000
10.04833793640136718750000 -2603.41845703125000000000000 635.11132812500000000000000
10.04633235931396484375000 -2603.38110351562500000000000 635.11175537109375000000000
9.89400482177734375000000 -2600.54101562500000000000000 635.14868164062500000000000
9.82454490661621093750000 -2599.24609375000000000000000 635.16265869140625000000000
9.65622234344482421875000 -2596.10791015625000000000000 635.19982910156250000000000
9.65125083923339843750000 -2596.01538085937500000000000 635.20062255859375000000000
9.50758838653564453125000 -2593.33715820312500000000000 635.22326660156250000000000
9.36546230316162109375000 -2590.68798828125000000000000 635.23455810546875000000000
9.35887718200683593750000 -2590.56518554687500000000000 635.23504638671875000000000
9.35189819335937500000000 -2590.43505859375000000000000 635.23492431640625000000000
9.19773006439208984375000 -2587.56176757812500000000000 635.23352050781250000000000
9.14820098876953125000000 -2586.63867187500000000000000 635.23120117187500000000000
9.07583141326904296875000 -2585.29003906250000000000000 635.22515869140625000000000
8.91219234466552734375000 -2582.24047851562500000000000 635.21337890625000000000000
8.80550575256347656250000 -2580.25219726562500000000000 635.20294189453125000000000
8.65787315368652343750000 -2577.50097656250000000000000 635.18670654296875000000000
8.62845325469970703125000 -2576.95288085937500000000000 635.18389892578125000000000
8.60075473785400390625000 -2576.43652343750000000000000 635.18322753906250000000000
8.44776439666748046875000 -2573.58544921875000000000000 635.17401123046875000000000
8.28834819793701171875000 -2570.61425781250000000000000 635.17590332031250000000000
8.19573879241943359375000 -2568.88818359375000000000000 635.17614746093750000000000
8.15959167480468750000000 -2568.21435546875000000000000 635.17657470703125000000000
8.14631366729736328125000 -2567.96679687500000000000000 635.17669677734375000000000
8.09152126312255859375000 -2566.94580078125000000000000 635.17608642578125000000000
7.74501657485961914062500 -2560.48779296875000000000000 635.16949462890625000000000
7.58281755447387695312500 -2557.46484375000000000000000 635.16320800781250000000000
7.53226995468139648437500 -2556.52270507812500000000000 635.16125488281250000000000
7.50455570220947265625000 -2556.00634765625000000000000 635.15930175781250000000000
7.44544839859008789062500 -2554.90478515625000000000000 635.15606689453125000000000
7.25500202178955078125000 -2551.35546875000000000000000 635.14617919921875000000000
7.17336654663085937500000 -2549.83398437500000000000000 635.14227294921875000000000
6.93567657470703125000000 -2545.40429687500000000000000 635.13317871093750000000000
6.87865400314331054687500 -2544.34155273437500000000000 635.12884521484375000000000
6.69615316390991210937500 -2540.94042968750000000000000 635.11358642578125000000000
6.58530616760253906250000 -2538.87475585937500000000000 635.10559082031250000000000
6.54735040664672851562500 -2538.16748046875000000000000 635.10253906250000000000000
6.35947847366333007812500 -2534.66601562500000000000000 635.09381103515625000000000
6.31718254089355468750000 -2533.87792968750000000000000 635.08941650390625000000000
6.20689582824707031250000 -2531.82275390625000000000000 635.07574462890625000000000
6.16747760772705078125000 -2531.08813476562500000000000 635.06945800781250000000000
6.03826236724853515625000 -2528.68017578125000000000000 635.05261230468750000000000
5.88894319534301757812500 -2525.89770507812500000000000 635.03778076171875000000000
5.83029365539550781250000 -2524.80468750000000000000000 635.03125000000000000000000
5.73042392730712890625000 -2522.94360351562500000000000 635.02148437500000000000000
5.66504812240600585937500 -2521.72534179687500000000000 635.01043701171875000000000
5.45450830459594726562500 -2517.80200195312500000000000 634.98321533203125000000000
5.26940298080444335937500 -2514.35278320312500000000000 634.95281982421875000000000
5.24078464508056640625000 -2513.81958007812500000000000 634.94775390625000000000000
5.21413469314575195312500 -2513.32299804687500000000000 634.94421386718750000000000
5.10693264007568359375000 -2511.32543945312500000000000 634.92639160156250000000000
4.96413040161132812500000 -2508.66455078125000000000000 634.90356445312500000000000
4.94885826110839843750000 -2508.37988281250000000000000 634.90039062500000000000000
4.94144105911254882812500 -2508.24169921875000000000000 634.89868164062500000000000
4.91174125671386718750000 -2507.68823242187500000000000 634.89123535156250000000000
4.83405017852783203125000 -2506.24096679687500000000000 634.86791992187500000000000
4.76375293731689453125000 -2504.93115234375000000000000 634.84869384765625000000000
4.69153690338134765625000 -2503.58569335937500000000000 634.82684326171875000000000
4.65842676162719726562500 -2502.96899414062500000000000 634.81591796875000000000000
4.64492464065551757812500 -2502.71752929687500000000000 634.81207275390625000000000
4.48806190490722656250000 -2499.79492187500000000000000 634.76782226562500000000000
4.44085454940795898437500 -2498.91528320312500000000000 634.75665283203125000000000
4.29161262512207031250000 -2496.13476562500000000000000 634.72271728515625000000000
4.12279844284057617187500 -2492.98925781250000000000000 634.68469238281250000000000
4.06845474243164062500000 -2491.97680664062500000000000 634.67108154296875000000000
4.02584743499755859375000 -2491.18286132812500000000000 634.66046142578125000000000
3.89244031906127929687500 -2488.69726562500000000000000 634.63336181640625000000000
3.86196184158325195312500 -2488.12939453125000000000000 634.62670898437500000000000
3.75410771369934082031250 -2486.11987304687500000000000 634.60241699218750000000000
3.74953627586364746093750 -2486.03466796875000000000000 634.60131835937500000000000
3.74859738349914550781250 -2486.01708984375000000000000 634.60101318359375000000000
3.74032449722290039062500 -2485.86303710937500000000000 634.59826660156250000000000
3.59549975395202636718750 -2483.16503906250000000000000 634.54931640625000000000000
3.57957339286804199218750 -2482.86840820312500000000000 634.54339599609375000000000
3.46346116065979003906250 -2480.70556640625000000000000 634.49420166015625000000000
3.30409526824951171875000 -2477.73681640625000000000000 634.43060302734375000000000
3.19065237045288085937500 -2475.62353515625000000000000 634.38684082031250000000000
3.06856107711791992187500 -2473.34912109375000000000000 634.34149169921875000000000
2.95339584350585937500000 -2471.20385742187500000000000 634.29724121093750000000000
2.75732207298278808593750 -2467.55126953125000000000000 634.22662353515625000000000
2.75365495681762695312500 -2467.48291015625000000000000 634.22534179687500000000000
2.75017571449279785156250 -2467.41821289062500000000000 634.22412109375000000000000
2.44756603240966796875000 -2461.78100585937500000000000 634.11218261718750000000000
2.33733201026916503906250 -2459.72753906250000000000000 634.06921386718750000000000
2.15476989746093750000000 -2456.32690429687500000000000 633.99670410156250000000000
1.97775053977966308593750 -2453.02929687500000000000000 633.92529296875000000000000
1.87951672077178955078125 -2451.19970703125000000000000 633.88171386718750000000000
1.81792533397674560546875 -2450.05249023437500000000000 633.85498046875000000000000
1.55969595909118652343750 -2445.24243164062500000000000 633.73687744140625000000000
1.48983657360076904296875 -2443.94140625000000000000000 633.70452880859375000000000
1.46149218082427978515625 -2443.41333007812500000000000 633.69049072265625000000000
1.39986932277679443359375 -2442.26562500000000000000000 633.65942382812500000000000
1.29823303222656250000000 -2440.37280273437500000000000 633.60772705078125000000000
1.22368037700653076171875 -2438.98413085937500000000000 633.56854248046875000000000
1.09797477722167968750000 -2436.64306640625000000000000 633.50067138671875000000000
0.83922469615936279296875 -2431.82397460937500000000000 633.35943603515625000000000
0.78221958875656127929688 -2430.76245117187500000000000 633.32885742187500000000000
0.71277612447738647460938 -2429.46899414062500000000000 633.29028320312500000000000
0.56203341484069824218750 -2426.66162109375000000000000 633.20532226562500000000000
0.35430574417114257812500 -2422.79321289062500000000000 633.08624267578125000000000
0.22020031511783599853516 -2420.29565429687500000000000 633.01049804687500000000000
-0.00918855145573616027832 -2416.02368164062500000000000 632.87670898437500000000000
-0.11180561780929565429688 -2414.11254882812500000000000 632.81787109375000000000000
-0.26632630825042724609375 -2411.23510742187500000000000 632.72375488281250000000000
-0.32302436232566833496094 -2410.17919921875000000000000 632.68902587890625000000000
-0.34324365854263305664062 -2409.80273437500000000000000 632.67608642578125000000000
-0.73192191123962402343750 -2402.56469726562500000000000 632.43511962890625000000000
-0.76670539379119873046875 -2401.91699218750000000000000 632.41320800781250000000000
-0.92646074295043945312500 -2398.94213867187500000000000 632.30889892578125000000000
-0.94804161787033081054688 -2398.54028320312500000000000 632.29455566406250000000000
-0.96091026067733764648438 -2398.30053710937500000000000 632.28552246093750000000000
-1.20740795135498046875000 -2393.71093750000000000000000 632.10845947265625000000000
-1.52314209938049316406250 -2387.83203125000000000000000 631.88970947265625000000000
-1.52497529983520507812500 -2387.79785156250000000000000 631.88842773437500000000000
-1.69829988479614257812500 -2384.57055664062500000000000 631.76617431640625000000000
-1.81148791313171386718750 -2382.46289062500000000000000 631.68371582031250000000000
-1.94700992107391357421875 -2379.93969726562500000000000 631.58276367187500000000000
-2.07755255699157714843750 -2377.50927734375000000000000 631.48010253906250000000000
-2.28439283370971679687500 -2373.65844726562500000000000 631.31976318359375000000000
-2.46894097328186035156250 -2370.22241210937500000000000 631.17333984375000000000000
-2.67636322975158691406250 -2366.36083984375000000000000 631.00817871093750000000000
-2.79444003105163574218750 -2364.16259765625000000000000 630.91339111328125000000000
-2.85264301300048828125000 -2363.07885742187500000000000 630.86785888671875000000000
-2.89620709419250488281250 -2362.26782226562500000000000 630.83221435546875000000000
-3.03747677803039550781250 -2359.63769531250000000000000 630.71679687500000000000000
-3.30226039886474609375000 -2354.70874023437500000000000 630.48461914062500000000000
-3.43588209152221679687500 -2352.22119140625000000000000 630.36798095703125000000000
-3.68748283386230468750000 -2347.53784179687500000000000 630.13989257812500000000000
-3.70967912673950195312500 -2347.12451171875000000000000 630.11968994140625000000000
-3.71989321708679199218750 -2346.93457031250000000000000 630.11035156250000000000000
-3.72436356544494628906250 -2346.85131835937500000000000 630.10614013671875000000000
-3.99743008613586425781250 -2341.76831054687500000000000 629.85211181640625000000000
-4.01000452041625976562500 -2341.53417968750000000000000 629.84039306640625000000000
-4.28196620941162109375000 -2336.47192382812500000000000 629.58843994140625000000000
-4.39587879180908203125000 -2334.35156250000000000000000 629.48168945312500000000000
-4.48687314987182617187500 -2332.65771484375000000000000 629.39361572265625000000000
-4.54149484634399414062500 -2331.64111328125000000000000 629.33923339843750000000000
-4.72392749786376953125000 -2328.24560546875000000000000 629.15576171875000000000000
-4.96957778930664062500000 -2323.67358398437500000000000 628.90637207031250000000000
-4.97388267517089843750000 -2323.59350585937500000000000 628.90191650390625000000000
-4.97728204727172851562500 -2323.53027343750000000000000 628.89843750000000000000000
-5.32486677169799804687500 -2317.06103515625000000000000 628.54412841796875000000000
-5.34309720993041992187500 -2316.72167968750000000000000 628.52508544921875000000000
-5.38105010986328125000000 -2316.01538085937500000000000 628.48474121093750000000000
-5.57734298706054687500000 -2312.36230468750000000000000 628.27416992187500000000000
-5.62777614593505859375000 -2311.42382812500000000000000 628.21771240234375000000000
-5.75508975982666015625000 -2309.05468750000000000000000 628.07336425781250000000000
-5.81321954727172851562500 -2307.97290039062500000000000 628.00701904296875000000000
-5.94794321060180664062500 -2305.46582031250000000000000 627.85089111328125000000000
-6.08382272720336914062500 -2302.93725585937500000000000 627.69659423828125000000000
-6.12314510345458984375000 -2302.20556640625000000000000 627.65222167968750000000000
-6.37299489974975585937500 -2297.55615234375000000000000 627.37152099609375000000000
-6.42996072769165039062500 -2296.49609375000000000000000 627.30792236328125000000000
-6.55724000930786132812500 -2294.12744140625000000000000 627.16094970703125000000000
-6.60511779785156250000000 -2293.23657226562500000000000 627.10589599609375000000000
-6.73825025558471679687500 -2290.75927734375000000000000 626.95001220703125000000000
-6.76028966903686523437500 -2290.34912109375000000000000 626.92291259765625000000000
-6.86014318466186523437500 -2288.49121093750000000000000 626.79870605468750000000000
-6.90939855575561523437500 -2287.57495117187500000000000 626.73632812500000000000000
-7.09655427932739257812500 -2284.09277343750000000000000 626.50054931640625000000000
-7.15833473205566406250000 -2282.94311523437500000000000 626.42224121093750000000000
-7.17075109481811523437500 -2282.71215820312500000000000 626.40692138671875000000000
-7.19132041931152343750000 -2282.32934570312500000000000 626.38189697265625000000000
-7.41622877120971679687500 -2278.14477539062500000000000 626.10394287109375000000000
-7.61606597900390625000000 -2274.42651367187500000000000 625.85565185546875000000000
-7.64933824539184570312500 -2273.80737304687500000000000 625.81365966796875000000000
-7.67725467681884765625000 -2273.28808593750000000000000 625.77917480468750000000000
-7.82538890838623046875000 -2270.53198242187500000000000 625.59259033203125000000000
-7.92126750946044921875000 -2268.74829101562500000000000 625.46435546875000000000000
-7.99862909317016601562500 -2267.30883789062500000000000 625.36224365234375000000000
-8.06774806976318359375000 -2266.02319335937500000000000 625.26867675781250000000000
-8.17922496795654296875000 -2263.94946289062500000000000 625.11175537109375000000000
-8.47033500671386718750000 -2258.53417968750000000000000 624.70312500000000000000000
-8.49705886840820312500000 -2258.03710937500000000000000 624.66564941406250000000000
-8.52433586120605468750000 -2257.52954101562500000000000 624.62786865234375000000000
-8.76756858825683593750000 -2253.00488281250000000000000 624.28765869140625000000000
-8.78931045532226562500000 -2252.60058593750000000000000 624.25701904296875000000000
-9.08239078521728515625000 -2247.14868164062500000000000 623.84295654296875000000000
-9.19206333160400390625000 -2245.10864257812500000000000 623.68542480468750000000000
-9.28768253326416015625000 -2243.33007812500000000000000 623.54864501953125000000000
-9.37122726440429687500000 -2241.77612304687500000000000 623.42645263671875000000000
-9.47057151794433593750000 -2239.92822265625000000000000 623.27960205078125000000000
-9.64875507354736328125000 -2236.61401367187500000000000 623.01104736328125000000000
-9.66374397277832031250000 -2236.33520507812500000000000 622.98876953125000000000000
-9.68885707855224609375000 -2235.86816406250000000000000 622.95062255859375000000000
-9.95302295684814453125000 -2230.95507812500000000000000 622.54779052734375000000000
-10.12972927093505859375000 -2227.66845703125000000000000 622.27722167968750000000000
-10.24362087249755859375000 -2225.55029296875000000000000 622.10345458984375000000000
-10.30338859558105468750000 -2224.43872070312500000000000 622.01037597656250000000000
-10.40463256835937500000000 -2222.55566406250000000000000 621.85137939453125000000000
-10.60233974456787109375000 -2218.87890625000000000000000 621.54174804687500000000000
-10.66982555389404296875000 -2217.62377929687500000000000 621.43389892578125000000000
-10.81557273864746093750000 -2214.91333007812500000000000 621.20141601562500000000000
-10.86614704132080078125000 -2213.97265625000000000000000 621.11993408203125000000000
-11.03784942626953125000000 -2210.77978515625000000000000 620.84155273437500000000000
-11.12390899658203125000000 -2209.17919921875000000000000 620.70074462890625000000000
-11.19258499145507812500000 -2207.90234375000000000000000 620.58697509765625000000000
-11.26716709136962890625000 -2206.51538085937500000000000 620.46166992187500000000000
-11.34691333770751953125000 -2205.03247070312500000000000 620.32733154296875000000000
-11.52962970733642578125000 -2201.63500976562500000000000 620.01977539062500000000000
-11.77105140686035156250000 -2197.14575195312500000000000 619.61608886718750000000000
-11.82343673706054687500000 -2196.17163085937500000000000 619.52709960937500000000000
-11.92942428588867187500000 -2194.20092773437500000000000 619.34503173828125000000000
-11.99647140502929687500000 -2192.95410156250000000000000 619.22821044921875000000000
-12.02062225341796875000000 -2192.50512695312500000000000 619.18591308593750000000000
-12.22220706939697265625000 -2188.75732421875000000000000 618.82495117187500000000000
-12.34238052368164062500000 -2186.52294921875000000000000 618.60986328125000000000000
-12.40011882781982421875000 -2185.44946289062500000000000 618.50634765625000000000000
-12.41926574707031250000000 -2185.09350585937500000000000 618.47186279296875000000000
-12.45127391815185546875000 -2184.49853515625000000000000 618.41351318359375000000000
-12.64981555938720703125000 -2180.80737304687500000000000 618.05133056640625000000000
-12.70794677734375000000000 -2179.72656250000000000000000 617.94427490234375000000000
-12.90006542205810546875000 -2176.15502929687500000000000 617.58691406250000000000000
-13.04855060577392578125000 -2173.39477539062500000000000 617.30676269531250000000000
-13.09165668487548828125000 -2172.59350585937500000000000 617.22552490234375000000000
-13.34340190887451171875000 -2167.91357421875000000000000 616.74462890625000000000000
-13.36990451812744140625000 -2167.42114257812500000000000 616.69335937500000000000000
-13.59295177459716796875000 -2163.27490234375000000000000 616.26538085937500000000000
-13.74720001220703125000000 -2160.40771484375000000000000 615.96398925781250000000000
-13.79809951782226562500000 -2159.46142578125000000000000 615.86541748046875000000000
-13.81082725524902343750000 -2159.22485351562500000000000 615.84033203125000000000000
-13.96687221527099609375000 -2156.32446289062500000000000 615.53125000000000000000000
-13.98630142211914062500000 -2155.96337890625000000000000 615.49230957031250000000000
-14.02110576629638671875000 -2155.31640625000000000000000 615.42199707031250000000000
-14.32849788665771484375000 -2149.60302734375000000000000 614.80352783203125000000000
-14.52027988433837890625000 -2146.03881835937500000000000 614.41271972656250000000000
-14.55525970458984375000000 -2145.38867187500000000000000 614.34100341796875000000000
-14.56741428375244140625000 -2145.16259765625000000000000 614.31567382812500000000000
-14.60170650482177734375000 -2144.52539062500000000000000 614.24389648437500000000000
-14.81216144561767578125000 -2140.61425781250000000000000 613.80541992187500000000000
-15.15736007690429687500000 -2134.19897460937500000000000 613.07641601562500000000000
-15.20412826538085937500000 -2133.32983398437500000000000 612.97735595703125000000000
-15.23967075347900390625000 -2132.66943359375000000000000 612.90222167968750000000000
-15.25748157501220703125000 -2132.33837890625000000000000 612.86389160156250000000000
-15.46727180480957031250000 -2128.43994140625000000000000 612.40960693359375000000000
-15.64741897583007812500000 -2125.09252929687500000000000 612.01525878906250000000000
-15.75968074798583984375000 -2123.00634765625000000000000 611.76678466796875000000000
-15.92253589630126953125000 -2119.98046875000000000000000 611.40411376953125000000000
-16.01537132263183593750000 -2118.25561523437500000000000 611.19549560546875000000000
-16.27264022827148437500000 -2113.47534179687500000000000 610.61541748046875000000000
-16.36573791503906250000000 -2111.74560546875000000000000 610.40307617187500000000000
-16.43729400634765625000000 -2110.41625976562500000000000 610.23852539062500000000000
-16.61212348937988281250000 -2107.16796875000000000000000 609.83642578125000000000000
-16.84693145751953125000000 -2102.80566406250000000000000 609.29089355468750000000000
-16.88280487060546875000000 -2102.13916015625000000000000 609.20727539062500000000000
-17.01018524169921875000000 -2099.77270507812500000000000 608.90899658203125000000000
-17.09002113342285156250000 -2098.28955078125000000000000 608.72094726562500000000000
-17.35989379882812500000000 -2093.27612304687500000000000 608.08038330078125000000000
-17.36603927612304687500000 -2093.16186523437500000000000 608.06561279296875000000000
-17.66201972961425781250000 -2087.66357421875000000000000 607.35058593750000000000000
-17.69939231872558593750000 -2086.96948242187500000000000 607.25939941406250000000000
-17.88496208190917968750000 -2083.52246093750000000000000 606.80322265625000000000000
-18.05425453186035156250000 -2080.37792968750000000000000 606.38702392578125000000000
-18.29404258728027343750000 -2075.92407226562500000000000 605.79040527343750000000000
-18.32680511474609375000000 -2075.31542968750000000000000 605.70874023437500000000000
-18.34500885009765625000000 -2074.97729492187500000000000 605.66308593750000000000000
-18.71290206909179687500000 -2068.14428710937500000000000 604.73431396484375000000000
-18.72409057617187500000000 -2067.93652343750000000000000 604.70587158203125000000000
-18.74237632751464843750000 -2067.59692382812500000000000 604.65875244140625000000000
-18.87694358825683593750000 -2065.09765625000000000000000 604.30957031250000000000000
-18.99445915222167968750000 -2062.91552734375000000000000 604.00122070312500000000000
-19.13245010375976562500000 -2060.35278320312500000000000 603.64007568359375000000000
-19.36692237854003906250000 -2055.99853515625000000000000 603.02014160156250000000000
-19.38077545166015625000000 -2055.74121093750000000000000 602.98345947265625000000000
-19.39200210571289062500000 -2055.53271484375000000000000 602.95385742187500000000000
-19.78498077392578125000000 -2048.23510742187500000000000 601.91168212890625000000000
-20.06439208984375000000000 -2043.04650878906250000000000 601.16503906250000000000000
-20.10337829589843750000000 -2042.32263183593750000000000 601.06103515625000000000000
-20.32440757751464843750000 -2038.21826171875000000000000 600.46514892578125000000000
-20.52521896362304687500000 -2034.48950195312500000000000 599.92303466796875000000000
-20.57877159118652343750000 -2033.49511718750000000000000 599.77685546875000000000000
-20.86553382873535156250000 -2028.17065429687500000000000 598.98754882812500000000000
-20.94917106628417968750000 -2026.61767578125000000000000 598.75634765625000000000000
-20.99470329284667968750000 -2025.77233886718750000000000 598.63018798828125000000000
-21.15457916259765625000000 -2022.80395507812500000000000 598.18298339843750000000000
-21.19266700744628906250000 -2022.09680175781250000000000 598.07641601562500000000000
-21.19947052001953125000000 -2021.97045898437500000000000 598.05718994140625000000000
-21.21963691711425781250000 -2021.59619140625000000000000 597.99969482421875000000000
-21.47830200195312500000000 -2016.79394531250000000000000 597.26434326171875000000000
-21.68408393859863281250000 -2012.97387695312500000000000 596.66760253906250000000000
-21.68746757507324218750000 -2012.91101074218750000000000 596.65777587890625000000000
-21.69053268432617187500000 -2012.85412597656250000000000 596.64880371093750000000000
-21.91934585571289062500000 -2008.60681152343750000000000 595.97540283203125000000000
-21.97435379028320312500000 -2007.58569335937500000000000 595.81262207031250000000000
-22.12663841247558593750000 -2004.75903320312500000000000 595.35852050781250000000000
-22.22535896301269531250000 -2002.92663574218750000000000 595.06512451171875000000000
-22.28571510314941406250000 -2001.80627441406250000000000 594.88415527343750000000000
-22.37847328186035156250000 -2000.08471679687500000000000 594.59887695312500000000000
-22.48434448242187500000000 -1998.11975097656250000000000 594.27716064453125000000000
-22.58079338073730468750000 -1996.32958984375000000000000 593.98712158203125000000000
-22.64762687683105468750000 -1995.08898925781250000000000 593.78967285156250000000000
-22.69123077392578125000000 -1994.27954101562500000000000 593.66217041015625000000000
-22.83545494079589843750000 -1991.60217285156250000000000 593.24682617187500000000000
-22.86312294006347656250000 -1991.08850097656250000000000 593.16693115234375000000000
-22.87069702148437500000000 -1990.94787597656250000000000 593.14489746093750000000000
-22.87909317016601562500000 -1990.79199218750000000000000 593.12084960937500000000000
-23.01649475097656250000000 -1988.24145507812500000000000 592.71862792968750000000000
-23.06460952758789062500000 -1987.34826660156250000000000 592.57653808593750000000000
-23.23022651672363281250000 -1984.27404785156250000000000 592.08618164062500000000000
-23.33352470397949218750000 -1982.35656738281250000000000 591.78302001953125000000000
-23.46031761169433593750000 -1980.00292968750000000000000 591.40850830078125000000000
-23.57652664184570312500000 -1977.84582519531250000000000 591.06481933593750000000000
-23.70230484008789062500000 -1975.51123046875000000000000 590.68951416015625000000000
-23.77233314514160156250000 -1974.21142578125000000000000 590.47668457031250000000000
-23.82363510131835937500000 -1973.25939941406250000000000 590.31945800781250000000000
-23.91573333740234375000000 -1971.55004882812500000000000 590.03674316406250000000000
-23.95320129394531250000000 -1970.85473632812500000000000 589.92065429687500000000000
-23.98349189758300781250000 -1970.29248046875000000000000 589.82830810546875000000000
-24.26840782165527343750000 -1965.00451660156250000000000 588.95666503906250000000000
-24.32677650451660156250000 -1963.92114257812500000000000 588.78051757812500000000000
-24.44105148315429687500000 -1961.80017089843750000000000 588.43334960937500000000000
-24.62930870056152343750000 -1958.30603027343750000000000 587.86248779296875000000000
-24.76659774780273437500000 -1955.75793457031250000000000 587.44494628906250000000000
-24.95925331115722656250000 -1952.18212890625000000000000 586.86169433593750000000000
-24.96190071105957031250000 -1952.13305664062500000000000 586.85369873046875000000000
-24.96402740478515625000000 -1952.09350585937500000000000 586.84729003906250000000000
-25.00967025756835937500000 -1951.24633789062500000000000 586.70996093750000000000000
-25.18652725219726562500000 -1947.96374511718750000000000 586.17761230468750000000000
-25.19378471374511718750000 -1947.82910156250000000000000 586.15570068359375000000000
-25.21445083618164062500000 -1947.44543457031250000000000 586.09301757812500000000000
-25.50140190124511718750000 -1942.11975097656250000000000 585.21588134765625000000000
-25.56918525695800781250000 -1940.86169433593750000000000 585.00756835937500000000000
-25.60714530944824218750000 -1940.15722656250000000000000 584.88940429687500000000000
-25.77712440490722656250000 -1937.00292968750000000000000 584.35235595703125000000000
-25.91337776184082031250000 -1934.47448730468750000000000 583.92022705078125000000000
-25.99679183959960937500000 -1932.92639160156250000000000 583.66015625000000000000000
-26.09183311462402343750000 -1931.16271972656250000000000 583.36071777343750000000000
-26.13671684265136718750000 -1930.32983398437500000000000 583.21795654296875000000000
-26.22385215759277343750000 -1928.71289062500000000000000 582.94421386718750000000000
-26.29012107849121093750000 -1927.48303222656250000000000 582.73388671875000000000000
-26.52057647705078125000000 -1923.20654296875000000000000 582.00164794921875000000000
-26.57104110717773437500000 -1922.27014160156250000000000 581.84179687500000000000000
-26.75146102905273437500000 -1918.92211914062500000000000 581.27020263671875000000000
-26.85370063781738281250000 -1917.02490234375000000000000 580.94366455078125000000000
-26.98159980773925781250000 -1914.65148925781250000000000 580.53967285156250000000000
-27.02410697937011718750000 -1913.86267089843750000000000 580.40307617187500000000000
-27.10444641113281250000000 -1912.37194824218750000000000 580.14532470703125000000000
-27.22785186767578125000000 -1910.08190917968750000000000 579.75506591796875000000000
-27.37261199951171875000000 -1907.39562988281250000000000 579.29705810546875000000000
-27.40036392211914062500000 -1906.88049316406250000000000 579.20996093750000000000000
-27.42781639099121093750000 -1906.37109375000000000000000 579.12390136718750000000000
-27.59650802612304687500000 -1903.24072265625000000000000 578.58898925781250000000000
-27.78340148925781250000000 -1899.77270507812500000000000 577.99041748046875000000000
-27.84756660461425781250000 -1898.58215332031250000000000 577.78295898437500000000000
-27.90727043151855468750000 -1897.47436523437500000000000 577.58825683593750000000000
-28.02832221984863281250000 -1895.22827148437500000000000 577.19384765625000000000000
-28.12556648254394531250000 -1893.42395019531250000000000 576.87615966796875000000000
-28.24752426147460937500000 -1891.16101074218750000000000 576.48284912109375000000000
-28.38859939575195312500000 -1888.54321289062500000000000 576.02905273437500000000000
-28.55399322509765625000000 -1885.47412109375000000000000 575.50189208984375000000000
-28.61957168579101562500000 -1884.25720214843750000000000 575.29138183593750000000000
-28.68929862976074218750000 -1882.96337890625000000000000 575.07019042968750000000000
-28.85573005676269531250000 -1879.87487792968750000000000 574.54113769531250000000000
-28.91280174255371093750000 -1878.81591796875000000000000 574.35931396484375000000000
-28.96458625793457031250000 -1877.85498046875000000000000 574.19244384765625000000000
-29.20532608032226562500000 -1873.38793945312500000000000 573.41754150390625000000000
-29.31796646118164062500000 -1871.29785156250000000000000 573.05444335937500000000000
-29.40364265441894531250000 -1869.70800781250000000000000 572.77832031250000000000000
-29.42386245727539062500000 -1869.33276367187500000000000 572.71368408203125000000000
-29.51153945922851562500000 -1867.70581054687500000000000 572.43780517578125000000000
-29.61930656433105468750000 -1865.70568847656250000000000 572.10467529296875000000000
-29.68382835388183593750000 -1864.50830078125000000000000 571.90264892578125000000000
-29.71394157409667968750000 -1863.94946289062500000000000 571.80926513671875000000000
-29.73538208007812500000000 -1863.55163574218750000000000 571.74114990234375000000000
-29.84836196899414062500000 -1861.45507812500000000000000 571.38037109375000000000000
-29.85618400573730468750000 -1861.31005859375000000000000 571.35455322265625000000000
-29.95980072021484375000000 -1859.38745117187500000000000 571.01635742187500000000000
-30.06188201904296875000000 -1857.49340820312500000000000 570.68292236328125000000000
-30.11157798767089843750000 -1856.57116699218750000000000 570.52380371093750000000000
-30.17007637023925781250000 -1855.48571777343750000000000 570.33563232421875000000000
-30.17926979064941406250000 -1855.31506347656250000000000 570.30773925781250000000000
-30.25262260437011718750000 -1853.95336914062500000000000 570.09631347656250000000000
