-130.18545532226562500000000 -1858.50183105468750000000000 568.25689697265625000000000
-130.10835266113281250000000 -1859.93200683593750000000000 568.52716064453125000000000
-130.10772705078125000000000 -1859.94372558593750000000000 568.52929687500000000000000
-130.10697937011718750000000 -1859.95739746093750000000000 568.53173828125000000000000
-130.05789184570312500000000 -1860.86840820312500000000000 568.68597412109375000000000
-129.99850463867187500000000 -1861.97033691406250000000000 568.87469482421875000000000
-129.88273620605468750000000 -1864.11901855468750000000000 569.23010253906250000000000
-129.82862854003906250000000 -1865.12304687500000000000000 569.39892578125000000000000
-129.76570129394531250000000 -1866.29113769531250000000000 569.59289550781250000000000
-129.65509033203125000000000 -1868.34375000000000000000000 569.93762207031250000000000
-129.55389404296875000000000 -1870.22180175781250000000000 570.25494384765625000000000
-129.46264648437500000000000 -1871.91528320312500000000000 570.53564453125000000000000
-129.38679504394531250000000 -1873.32312011718750000000000 570.76751708984375000000000
-129.30329895019531250000000 -1874.87292480468750000000000 571.01885986328125000000000
-129.24598693847656250000000 -1875.93676757812500000000000 571.18872070312500000000000
-129.07048034667968750000000 -1879.19445800781250000000000 571.70880126953125000000000
-128.99176025390625000000000 -1880.65563964843750000000000 571.94384765625000000000000
-128.88159179687500000000000 -1882.70056152343750000000000 572.26849365234375000000000
-128.84054565429687500000000 -1883.46240234375000000000000 572.39074707031250000000000
-128.64889526367187500000000 -1887.01953125000000000000000 572.96856689453125000000000
-128.57910156250000000000000 -1888.31506347656250000000000 573.18225097656250000000000
-128.49217224121093750000000 -1889.92810058593750000000000 573.45556640625000000000000
-128.42990112304687500000000 -1891.08374023437500000000000 573.65185546875000000000000
-128.26829528808593750000000 -1894.08276367187500000000000 574.16613769531250000000000
-128.23664855957031250000000 -1894.66992187500000000000000 574.26678466796875000000000
-128.18600463867187500000000 -1895.60986328125000000000000 574.42718505859375000000000
-128.08360290527343750000000 -1897.51013183593750000000000 574.75030517578125000000000
-127.94645690917968750000000 -1900.05529785156250000000000 575.17822265625000000000000
-127.85327911376953125000000 -1901.78454589843750000000000 575.46588134765625000000000
-127.72872161865234375000000 -1904.09619140625000000000000 575.84936523437500000000000
-127.53647613525390625000000 -1907.66430664062500000000000 576.43487548828125000000000
-127.51496124267578125000000 -1908.06359863281250000000000 576.50006103515625000000000
-127.40699768066406250000000 -1910.06738281250000000000000 576.83013916015625000000000
-127.34307861328125000000000 -1911.25378417968750000000000 577.02606201171875000000000
-127.30396270751953125000000 -1911.97961425781250000000000 577.14703369140625000000000
-127.11444091796875000000000 -1915.49694824218750000000000 577.73352050781250000000000
-126.97447967529296875000000 -1918.09460449218750000000000 578.16326904296875000000000
-126.83264923095703125000000 -1920.72680664062500000000000 578.59631347656250000000000
-126.74060821533203125000000 -1922.43518066406250000000000 578.87695312500000000000000
-126.69363403320312500000000 -1923.30688476562500000000000 579.02301025390625000000000
-126.55063629150390625000000 -1925.96081542968750000000000 579.46496582031250000000000
-126.44698333740234375000000 -1927.88439941406250000000000 579.78851318359375000000000
-126.33292388916015625000000 -1930.00122070312500000000000 580.14105224609375000000000
-126.16421508789062500000000 -1933.13244628906250000000000 580.65637207031250000000000
-126.12753295898437500000000 -1933.81335449218750000000000 580.76800537109375000000000
-126.07479095458984375000000 -1934.79223632812500000000000 580.92773437500000000000000
-125.94243621826171875000000 -1937.24890136718750000000000 581.32635498046875000000000
-125.81916046142578125000000 -1939.53674316406250000000000 581.70147705078125000000000
-125.75874328613281250000000 -1940.65820312500000000000000 581.88494873046875000000000
-125.60842132568359375000000 -1943.44824218750000000000000 582.34289550781250000000000
-125.49531555175781250000000 -1945.54748535156250000000000 582.68719482421875000000000
-125.29664611816406250000000 -1949.23474121093750000000000 583.28900146484375000000000
-125.07118988037109375000000 -1953.41931152343750000000000 583.97637939453125000000000
-125.03810882568359375000000 -1954.03332519531250000000000 584.07684326171875000000000
-125.01543426513671875000000 -1954.45410156250000000000000 584.14624023437500000000000
-124.88583374023437500000000 -1956.85949707031250000000000 584.54040527343750000000000
-124.84303283691406250000000 -1957.65405273437500000000000 584.66949462890625000000000
-124.72177886962890625000000 -1959.90466308593750000000000 585.03295898437500000000000
-124.65577697753906250000000 -1961.12963867187500000000000 585.23138427734375000000000
-124.52418518066406250000000 -1963.57214355468750000000000 585.62420654296875000000000
-124.39575195312500000000000 -1965.95605468750000000000000 586.00781250000000000000000
-124.37989807128906250000000 -1966.25036621093750000000000 586.05578613281250000000000
-124.16165161132812500000000 -1970.30139160156250000000000 586.70709228515625000000000
-124.15402221679687500000000 -1970.44299316406250000000000 586.72979736328125000000000
-124.14031982421875000000000 -1970.69738769531250000000000 586.77026367187500000000000
-123.91581726074218750000000 -1974.86462402343750000000000 587.43231201171875000000000
-123.63409423828125000000000 -1980.09448242187500000000000 588.25549316406250000000000
-123.61881256103515625000000 -1980.37805175781250000000000 588.30004882812500000000000
-123.60861206054687500000000 -1980.56738281250000000000000 588.32958984375000000000000
-123.49318695068359375000000 -1982.71020507812500000000000 588.66174316406250000000000
-123.42367553710937500000000 -1984.00061035156250000000000 588.86376953125000000000000
-123.32382202148437500000000 -1985.85424804687500000000000 589.15283203125000000000000
-123.22669982910156250000000 -1987.65734863281250000000000 589.43188476562500000000000
-123.15122985839843750000000 -1989.05834960937500000000000 589.64947509765625000000000
-123.01651763916015625000000 -1991.55908203125000000000000 590.03918457031250000000000
-122.80002593994140625000000 -1995.57800292968750000000000 590.66772460937500000000000
-122.62973785400390625000000 -1998.73925781250000000000000 591.15875244140625000000000
-122.58792877197265625000000 -1999.51550292968750000000000 591.27789306640625000000000
-122.55088043212890625000000 -2000.20324707031250000000000 591.38238525390625000000000
-122.40001678466796875000000 -2003.00415039062500000000000 591.81024169921875000000000
-122.28404998779296875000000 -2005.15710449218750000000000 592.13757324218750000000000
-122.11159515380859375000000 -2008.35900878906250000000000 592.62030029296875000000000
-121.97635650634765625000000 -2010.86987304687500000000000 593.00097656250000000000000
-121.86866760253906250000000 -2012.86926269531250000000000 593.30029296875000000000000
-121.76789855957031250000000 -2014.74023437500000000000000 593.58227539062500000000000
-121.63539123535156250000000 -2017.20056152343750000000000 593.95062255859375000000000
-121.38984680175781250000000 -2021.75952148437500000000000 594.63189697265625000000000
-121.00767517089843750000000 -2028.85571289062500000000000 595.67834472656250000000000
-120.99259948730468750000000 -2029.13562011718750000000000 595.71942138671875000000000
-120.98078918457031250000000 -2029.35485839843750000000000 595.75152587890625000000000
-120.95725250244140625000000 -2029.79187011718750000000000 595.81585693359375000000000
-120.68331909179687500000000 -2034.87829589843750000000000 596.56536865234375000000000
-120.60926055908203125000000 -2036.25329589843750000000000 596.76983642578125000000000
-120.48986816406250000000000 -2038.47021484375000000000000 597.09753417968750000000000
-120.34998321533203125000000 -2041.06787109375000000000000 597.47283935546875000000000
-120.20443725585937500000000 -2043.77062988281250000000000 597.85528564453125000000000
-120.18537902832031250000000 -2044.12451171875000000000000 597.90563964843750000000000
-120.12493896484375000000000 -2045.24694824218750000000000 598.06549072265625000000000
-119.88262176513671875000000 -2049.74707031250000000000000 598.70489501953125000000000
-119.79968261718750000000000 -2051.28710937500000000000000 598.92340087890625000000000
-119.64756011962890625000000 -2054.11230468750000000000000 599.32305908203125000000000
-119.64391326904296875000000 -2054.17993164062500000000000 599.33251953125000000000000
-119.63769531250000000000000 -2054.29541015625000000000000 599.34863281250000000000000
-119.35858917236328125000000 -2059.47900390625000000000000 600.06866455078125000000000
-119.30496215820312500000000 -2060.47485351562500000000000 600.20739746093750000000000
-119.10792541503906250000000 -2064.13427734375000000000000 600.71343994140625000000000
-119.02991485595703125000000 -2065.58325195312500000000000 600.91265869140625000000000
-118.97685241699218750000000 -2066.56860351562500000000000 601.04675292968750000000000
-118.90568542480468750000000 -2067.89062500000000000000000 601.22729492187500000000000
-118.80969238281250000000000 -2069.67358398437500000000000 601.46722412109375000000000
-118.73053741455078125000000 -2071.14379882812500000000000 601.66546630859375000000000
-118.67407226562500000000000 -2072.19262695312500000000000 601.80401611328125000000000
-118.57696533203125000000000 -2073.99633789062500000000000 602.04528808593750000000000
-118.47449493408203125000000 -2075.89965820312500000000000 602.29589843750000000000000
-118.34416961669921875000000 -2078.32031250000000000000000 602.61798095703125000000000
-118.12924957275390625000000 -2082.31274414062500000000000 603.14331054687500000000000
-118.11885833740234375000000 -2082.50561523437500000000000 603.16857910156250000000000
-118.11643218994140625000000 -2082.55078125000000000000000 603.17437744140625000000000
-117.77487945556640625000000 -2088.89599609375000000000000 603.98638916015625000000000
-117.75645446777343750000000 -2089.23828125000000000000000 604.02954101562500000000000
-117.70682525634765625000000 -2090.16015625000000000000000 604.14660644531250000000000
-117.45520019531250000000000 -2094.83471679687500000000000 604.73974609375000000000000
-117.45219421386718750000000 -2094.89062500000000000000000 604.74700927734375000000000
-117.41532135009765625000000 -2095.57568359375000000000000 604.83416748046875000000000
-117.26870727539062500000000 -2098.29931640625000000000000 605.18072509765625000000000
-117.24537658691406250000000 -2098.73291015625000000000000 605.23529052734375000000000
-116.99495697021484375000000 -2103.38525390625000000000000 605.81408691406250000000000
-116.99052429199218750000000 -2103.46752929687500000000000 605.82446289062500000000000
-116.81529998779296875000000 -2106.72290039062500000000000 606.23052978515625000000000
-116.72793579101562500000000 -2108.34619140625000000000000 606.43652343750000000000000
-116.64517974853515625000000 -2109.88354492187500000000000 606.62829589843750000000000
-116.61244201660156250000000 -2110.49194335937500000000000 606.70239257812500000000000
-116.46789550781250000000000 -2113.17749023437500000000000 607.02447509765625000000000
-116.37231445312500000000000 -2114.95385742187500000000000 607.23315429687500000000000
-116.24120330810546875000000 -2117.38989257812500000000000 607.52325439453125000000000
-116.11283111572265625000000 -2119.77539062500000000000000 607.80645751953125000000000
-116.02461242675781250000000 -2121.41455078125000000000000 608.00354003906250000000000
-115.99372863769531250000000 -2121.98852539062500000000000 608.07067871093750000000000
-115.71012878417968750000000 -2127.25854492187500000000000 608.68597412109375000000000
-115.64665985107421875000000 -2128.43798828125000000000000 608.82244873046875000000000
-115.53662872314453125000000 -2130.48266601562500000000000 609.05517578125000000000000
-115.46266937255859375000000 -2131.85717773437500000000000 609.21203613281250000000000
-115.26623535156250000000000 -2135.50781250000000000000000 609.61981201171875000000000
-115.16792297363281250000000 -2137.33496093750000000000000 609.82336425781250000000000
-114.96558380126953125000000 -2141.09570312500000000000000 610.23559570312500000000000
-114.93844604492187500000000 -2141.59985351562500000000000 610.29077148437500000000000
-114.92634582519531250000000 -2141.82495117187500000000000 610.31518554687500000000000
-114.65227508544921875000000 -2146.91894531250000000000000 610.86560058593750000000000
-114.43092346191406250000000 -2151.03320312500000000000000 611.30804443359375000000000
-114.27767944335937500000000 -2153.88134765625000000000000 611.61364746093750000000000
-114.10868072509765625000000 -2157.02270507812500000000000 611.94757080078125000000000
-114.06652832031250000000000 -2157.80639648437500000000000 612.03039550781250000000000
-114.01688385009765625000000 -2158.72900390625000000000000 612.12689208984375000000000
-113.82051086425781250000000 -2162.37939453125000000000000 612.50518798828125000000000
-113.59340667724609375000000 -2166.60107421875000000000000 612.93927001953125000000000
-113.49198150634765625000000 -2168.48632812500000000000000 613.13232421875000000000000
-113.42102050781250000000000 -2169.80566406250000000000000 613.26611328125000000000000
-113.30728912353515625000000 -2171.91992187500000000000000 613.47790527343750000000000
-113.17526245117187500000000 -2174.37426757812500000000000 613.72326660156250000000000
-112.96887207031250000000000 -2178.21142578125000000000000 614.10034179687500000000000
-112.88396453857421875000000 -2179.79003906250000000000000 614.25537109375000000000000
-112.84421539306640625000000 -2180.52905273437500000000000 614.32727050781250000000000
-112.65359497070312500000000 -2184.07299804687500000000000 614.66986083984375000000000
-112.59539794921875000000000 -2185.15502929687500000000000 614.77331542968750000000000
-112.37985229492187500000000 -2189.16259765625000000000000 615.15325927734375000000000
-112.30805206298828125000000 -2190.49755859375000000000000 615.27874755859375000000000
-112.22502899169921875000000 -2192.04125976562500000000000 615.42120361328125000000000
-111.96899414062500000000000 -2196.80249023437500000000000 615.85028076171875000000000
-111.81311798095703125000000 -2199.70092773437500000000000 616.11163330078125000000000
-111.68115997314453125000000 -2202.15454101562500000000000 616.33160400390625000000000
-111.50945281982421875000000 -2205.34765625000000000000000 616.61529541015625000000000
-111.41476440429687500000000 -2207.10839843750000000000000 616.77105712890625000000000
-111.30838775634765625000000 -2209.08666992187500000000000 616.94317626953125000000000
-111.05136108398437500000000 -2213.86645507812500000000000 617.36151123046875000000000
-111.03170776367187500000000 -2214.23193359375000000000000 617.39306640625000000000000
-111.00887298583984375000000 -2214.65649414062500000000000 617.42974853515625000000000
-110.85950469970703125000000 -2217.43432617187500000000000 617.66772460937500000000000
-110.68243408203125000000000 -2220.72753906250000000000000 617.94982910156250000000000
-110.56410980224609375000000 -2222.92797851562500000000000 618.13659667968750000000000
-110.31449890136718750000000 -2227.57031250000000000000000 618.52593994140625000000000
-110.18835449218750000000000 -2229.91650390625000000000000 618.71868896484375000000000
-109.94975280761718750000000 -2234.35449218750000000000000 619.07800292968750000000000
-109.91777038574218750000000 -2234.94921875000000000000000 619.12500000000000000000000
-109.73281860351562500000000 -2238.38940429687500000000000 619.39984130859375000000000
-109.62261962890625000000000 -2240.43920898437500000000000 619.55651855468750000000000
-109.61696624755859375000000 -2240.54443359375000000000000 619.56445312500000000000000
-109.61094665527343750000000 -2240.65649414062500000000000 619.57281494140625000000000
-109.43044281005859375000000 -2244.01440429687500000000000 619.81793212890625000000000
-109.30682373046875000000000 -2246.31396484375000000000000 619.98681640625000000000000
-109.15656280517578125000000 -2249.10913085937500000000000 620.19372558593750000000000
-109.07934570312500000000000 -2250.54589843750000000000000 620.29791259765625000000000
-108.99864196777343750000000 -2252.04711914062500000000000 620.40710449218750000000000
-108.92311859130859375000000 -2253.45214843750000000000000 620.50848388671875000000000
-108.66521453857421875000000 -2258.24975585937500000000000 620.86096191406250000000000
-108.63739776611328125000000 -2258.76733398437500000000000 620.89941406250000000000000
-108.55801391601562500000000 -2260.24414062500000000000000 621.01000976562500000000000
-108.40979003906250000000000 -2263.00146484375000000000000 621.21350097656250000000000
-108.32830810546875000000000 -2264.51733398437500000000000 621.32165527343750000000000
-108.23268127441406250000000 -2266.29638671875000000000000 621.45074462890625000000000
-108.10974884033203125000000 -2268.58349609375000000000000 621.61022949218750000000000
-108.06697845458984375000000 -2269.37915039062500000000000 621.66448974609375000000000
-107.78305816650390625000000 -2274.66186523437500000000000 622.02099609375000000000000
-107.77568817138671875000000 -2274.79907226562500000000000 622.03027343750000000000000
-107.77506256103515625000000 -2274.81054687500000000000000 622.03106689453125000000000
-107.77394866943359375000000 -2274.83129882812500000000000 622.03240966796875000000000
-107.51665496826171875000000 -2279.61865234375000000000000 622.34942626953125000000000
-107.46930694580078125000000 -2280.49951171875000000000000 622.40808105468750000000000
-107.18951416015625000000000 -2285.70556640625000000000000 622.75213623046875000000000
-107.00299835205078125000000 -2289.17602539062500000000000 622.98419189453125000000000
-106.93197631835937500000000 -2290.49731445312500000000000 623.07354736328125000000000
-106.69184875488281250000000 -2294.96508789062500000000000 623.37817382812500000000000
-106.66708374023437500000000 -2295.42578125000000000000000 623.40911865234375000000000
-106.60971069335937500000000 -2296.49316406250000000000000 623.47973632812500000000000
-106.56227874755859375000000 -2297.37597656250000000000000 623.53729248046875000000000
-106.40818023681640625000000 -2300.24340820312500000000000 623.71844482421875000000000
-106.13057708740234375000000 -2305.40917968750000000000000 624.03436279296875000000000
-106.09833526611328125000000 -2306.00927734375000000000000 624.07098388671875000000000
-106.07659149169921875000000 -2306.41381835937500000000000 624.09527587890625000000000
-106.01605224609375000000000 -2307.54052734375000000000000 624.16223144531250000000000
-105.80484771728515625000000 -2311.47094726562500000000000 624.39660644531250000000000
-105.75503540039062500000000 -2312.39794921875000000000000 624.45007324218750000000000
-105.46345520019531250000000 -2317.82421875000000000000000 624.76599121093750000000000
-105.42150115966796875000000 -2318.60522460937500000000000 624.81146240234375000000000
-105.41199493408203125000000 -2318.78198242187500000000000 624.82159423828125000000000
-105.15037536621093750000000 -2323.65112304687500000000000 625.09912109375000000000000
-105.12055969238281250000000 -2324.20581054687500000000000 625.13006591796875000000000
-104.89585876464843750000000 -2328.38793945312500000000000 625.36444091796875000000000
-104.72780609130859375000000 -2331.51562500000000000000000 625.53369140625000000000000
-104.65730285644531250000000 -2332.82788085937500000000000 625.60540771484375000000000
-104.54403686523437500000000 -2334.93603515625000000000000 625.71789550781250000000000
-104.41818237304687500000000 -2337.27856445312500000000000 625.84136962890625000000000
-104.26820373535156250000000 -2340.07006835937500000000000 625.98620605468750000000000
-104.16554260253906250000000 -2341.98120117187500000000000 626.08422851562500000000000
-104.06065368652343750000000 -2343.93359375000000000000000 626.18304443359375000000000
-103.78147888183593750000000 -2349.13012695312500000000000 626.44152832031250000000000
-103.56455230712890625000000 -2353.16796875000000000000000 626.64294433593750000000000
-103.38897705078125000000000 -2356.43627929687500000000000 626.80273437500000000000000
-103.26332092285156250000000 -2358.77539062500000000000000 626.91796875000000000000000
-103.11177062988281250000000 -2361.59643554687500000000000 627.05242919921875000000000
-103.09142303466796875000000 -2361.97534179687500000000000 627.07061767578125000000000
-103.06594085693359375000000 -2362.44970703125000000000000 627.09216308593750000000000
-102.83943939208984375000000 -2366.66625976562500000000000 627.28381347656250000000000
-102.73923492431640625000000 -2368.53173828125000000000000 627.36328125000000000000000
-102.43316650390625000000000 -2374.22998046875000000000000 627.60949707031250000000000
-102.39420318603515625000000 -2374.95556640625000000000000 627.64080810546875000000000
-102.23418426513671875000000 -2377.93457031250000000000000 627.77136230468750000000000
-102.14677429199218750000000 -2379.56176757812500000000000 627.84252929687500000000000
-102.13039398193359375000000 -2379.86669921875000000000000 627.85577392578125000000000
-102.07730102539062500000000 -2380.85522460937500000000000 627.89776611328125000000000
-101.95237731933593750000000 -2383.18115234375000000000000 627.99432373046875000000000
-101.78170776367187500000000 -2386.35888671875000000000000 628.12103271484375000000000
-101.63726043701171875000000 -2389.04833984375000000000000 628.22656250000000000000000
-101.41436767578125000000000 -2393.19848632812500000000000 628.39117431640625000000000
-101.31169128417968750000000 -2395.11010742187500000000000 628.46710205078125000000000
-101.29977416992187500000000 -2395.33203125000000000000000 628.47583007812500000000000
-101.15403747558593750000000 -2398.04565429687500000000000 628.57745361328125000000000
-100.91195678710937500000000 -2402.55322265625000000000000 628.74523925781250000000000
-100.87899017333984375000000 -2403.16699218750000000000000 628.76715087890625000000000
-100.51691436767578125000000 -2409.90917968750000000000000 629.01226806640625000000000
-100.43740844726562500000000 -2411.38964843750000000000000 629.06420898437500000000000
-100.32246398925781250000000 -2413.53027343750000000000000 629.13653564453125000000000
-100.15676879882812500000000 -2416.61596679687500000000000 629.23779296875000000000000
-100.14745330810546875000000 -2416.78930664062500000000000 629.24310302734375000000000
-99.92922210693359375000000 -2420.85351562500000000000000 629.36981201171875000000000
-99.81867980957031250000000 -2422.91210937500000000000000 629.43096923828125000000000
-99.65422821044921875000000 -2425.97485351562500000000000 629.52526855468750000000000
-99.58296966552734375000000 -2427.30175781250000000000000 629.56616210937500000000000
-99.34880065917968750000000 -2431.66284179687500000000000 629.69946289062500000000000
-99.28469085693359375000000 -2432.85668945312500000000000 629.73638916015625000000000
-99.15623474121093750000000 -2435.24926757812500000000000 629.80822753906250000000000
-98.99688720703125000000000 -2438.21679687500000000000000 629.89813232421875000000000
-98.80849456787109375000000 -2441.72509765625000000000000 630.00573730468750000000000
-98.78528594970703125000000 -2442.15747070312500000000000 630.01965332031250000000000
-98.76647186279296875000000 -2442.50781250000000000000000 630.03009033203125000000000
-98.58265686035156250000000 -2445.93115234375000000000000 630.12976074218750000000000
-98.55074310302734375000000 -2446.52563476562500000000000 630.14636230468750000000000
-98.45529174804687500000000 -2448.30346679687500000000000 630.19055175781250000000000
-98.33045959472656250000000 -2450.62866210937500000000000 630.25146484375000000000000
-98.23738861083984375000000 -2452.36230468750000000000000 630.29449462890625000000000
-98.11689758300781250000000 -2454.60644531250000000000000 630.34906005859375000000000
-98.02220916748046875000000 -2456.37011718750000000000000 630.39117431640625000000000
-97.81847381591796875000000 -2460.16528320312500000000000 630.47436523437500000000000
-97.76915740966796875000000 -2461.08398437500000000000000 630.49377441406250000000000
-97.46955871582031250000000 -2466.66479492187500000000000 630.61273193359375000000000
-97.44508361816406250000000 -2467.12060546875000000000000 630.62274169921875000000000
-97.42251586914062500000000 -2467.54101562500000000000000 630.63232421875000000000000
-97.25216674804687500000000 -2470.71435546875000000000000 630.69970703125000000000000
-97.21967315673828125000000 -2471.31958007812500000000000 630.71185302734375000000000
-97.05824279785156250000000 -2474.32690429687500000000000 630.76947021484375000000000
-97.03358459472656250000000 -2474.78613281250000000000000 630.77734375000000000000000
-96.87802886962890625000000 -2477.68408203125000000000000 630.82885742187500000000000
-96.81848907470703125000000 -2478.79345703125000000000000 630.84948730468750000000000
-96.73657226562500000000000 -2480.31933593750000000000000 630.87878417968750000000000
-96.58689880371093750000000 -2483.10766601562500000000000 630.93383789062500000000000
-96.51799011230468750000000 -2484.39135742187500000000000 630.95727539062500000000000
-96.29628753662109375000000 -2488.52148437500000000000000 631.02923583984375000000000
-96.19848632812500000000000 -2490.34375000000000000000000 631.05761718750000000000000
-96.06359863281250000000000 -2492.85668945312500000000000 631.09326171875000000000000
-95.98754882812500000000000 -2494.27368164062500000000000 631.11340332031250000000000
-95.81764984130859375000000 -2497.43920898437500000000000 631.15447998046875000000000
-95.75672149658203125000000 -2498.57446289062500000000000 631.16955566406250000000000
-95.65130615234375000000000 -2500.53833007812500000000000 631.19757080078125000000000
-95.60357666015625000000000 -2501.42749023437500000000000 631.21032714843750000000000
-95.35254669189453125000000 -2506.10449218750000000000000 631.28527832031250000000000
-95.32985687255859375000000 -2506.52709960937500000000000 631.29119873046875000000000
-95.14390563964843750000000 -2509.99169921875000000000000 631.34112548828125000000000
-95.01553344726562500000000 -2512.38354492187500000000000 631.37268066406250000000000
-94.97293090820312500000000 -2513.17724609375000000000000 631.38293457031250000000000
-94.93064880371093750000000 -2513.96508789062500000000000 631.39154052734375000000000
-94.84156799316406250000000 -2515.62500000000000000000000 631.40588378906250000000000
-94.79605865478515625000000 -2516.47290039062500000000000 631.41375732421875000000000
-94.64117431640625000000000 -2519.35913085937500000000000 631.43493652343750000000000
-94.57083892822265625000000 -2520.66967773437500000000000 631.44726562500000000000000
-94.51481628417968750000000 -2521.71362304687500000000000 631.45642089843750000000000
-94.37828063964843750000000 -2524.25756835937500000000000 631.48327636718750000000000
-94.37204742431640625000000 -2524.37377929687500000000000 631.48449707031250000000000
-94.36291503906250000000000 -2524.54394531250000000000000 631.48632812500000000000000
-94.19183349609375000000000 -2527.73168945312500000000000 631.52136230468750000000000
-94.17474365234375000000000 -2528.05004882812500000000000 631.52362060546875000000000
-94.03409576416015625000000 -2530.67114257812500000000000 631.54211425781250000000000
-93.89459228515625000000000 -2533.27075195312500000000000 631.56182861328125000000000
-93.83525848388671875000000 -2534.37622070312500000000000 631.56970214843750000000000
-93.77899169921875000000000 -2535.42480468750000000000000 631.57611083984375000000000
-93.57182312011718750000000 -2539.28564453125000000000000 631.59686279296875000000000
-93.35726165771484375000000 -2543.28393554687500000000000 631.62042236328125000000000
-93.27533721923828125000000 -2544.81054687500000000000000 631.62969970703125000000000
-93.25695800781250000000000 -2545.15307617187500000000000 631.63159179687500000000000
-93.08112335205078125000000 -2548.42993164062500000000000 631.64642333984375000000000
-93.03195190429687500000000 -2549.34643554687500000000000 631.64831542968750000000000
-92.89315795898437500000000 -2551.93310546875000000000000 631.65478515625000000000000
-92.67954254150390625000000 -2555.91381835937500000000000 631.67028808593750000000000
-92.67269897460937500000000 -2556.04150390625000000000000 631.67071533203125000000000
-92.66522979736328125000000 -2556.18066406250000000000000 631.67156982421875000000000
-92.53096008300781250000000 -2558.68286132812500000000000 631.68432617187500000000000
-92.48502349853515625000000 -2559.53906250000000000000000 631.68756103515625000000000
-92.38049316406250000000000 -2561.48706054687500000000000 631.69470214843750000000000
-92.22492218017578125000000 -2564.38647460937500000000000 631.69470214843750000000000
-92.11573791503906250000000 -2566.42138671875000000000000 631.69403076171875000000000
-91.96466827392578125000000 -2569.23706054687500000000000 631.69427490234375000000000
-91.83380889892578125000000 -2571.67602539062500000000000 631.69567871093750000000000
-91.67020416259765625000000 -2574.72509765625000000000000 631.70538330078125000000000
-91.50190734863281250000000 -2577.86157226562500000000000 631.71514892578125000000000
-91.27751922607421875000000 -2582.04321289062500000000000 631.73223876953125000000000
-91.26244354248046875000000 -2582.32421875000000000000000 631.73303222656250000000000
-91.25626373291015625000000 -2582.43945312500000000000000 631.73333740234375000000000
-91.22748565673828125000000 -2582.97583007812500000000000 631.73425292968750000000000
-91.15089416503906250000000 -2584.40307617187500000000000 631.73638916015625000000000
-91.09928894042968750000000 -2585.36499023437500000000000 631.73663330078125000000000
-90.92103576660156250000000 -2588.68725585937500000000000 631.73254394531250000000000
-90.76895904541015625000000 -2591.52197265625000000000000 631.72479248046875000000000
-90.70984649658203125000000 -2592.62377929687500000000000 631.72064208984375000000000
-90.62317657470703125000000 -2594.23925781250000000000000 631.71142578125000000000000
-90.48416137695312500000000 -2596.83081054687500000000000 631.69384765625000000000000
-90.26908111572265625000000 -2600.84033203125000000000000 631.66333007812500000000000
-90.09397888183593750000000 -2604.10449218750000000000000 631.63616943359375000000000
-89.96309661865234375000000 -2606.54443359375000000000000 631.61480712890625000000000
-89.87326812744140625000000 -2608.21899414062500000000000 631.60217285156250000000000
-89.72994995117187500000000 -2610.89062500000000000000000 631.58081054687500000000000
-89.64798736572265625000000 -2612.41845703125000000000000 631.56695556640625000000000
-89.48027038574218750000000 -2615.54516601562500000000000 631.54138183593750000000000
-89.38680267333984375000000 -2617.28759765625000000000000 631.52380371093750000000000
-89.30010223388671875000000 -2618.90405273437500000000000 631.50970458984375000000000
-89.14035797119140625000000 -2621.88208007812500000000000 631.47955322265625000000000
-89.00218200683593750000000 -2624.45800781250000000000000 631.45220947265625000000000
-88.95297241210937500000000 -2625.37548828125000000000000 631.44244384765625000000000
-88.64258575439453125000000 -2631.16210937500000000000000 631.37902832031250000000000
-88.57733917236328125000000 -2632.37866210937500000000000 631.36437988281250000000000
-88.35549926757812500000000 -2636.51440429687500000000000 631.31347656250000000000000
-88.24313354492187500000000 -2638.60937500000000000000000 631.28576660156250000000000
-88.15382385253906250000000 -2640.27465820312500000000000 631.26513671875000000000000
-87.97230529785156250000000 -2643.65869140625000000000000 631.21917724609375000000000
-87.63687133789062500000000 -2649.91284179687500000000000 631.12854003906250000000000
-87.56429290771484375000000 -2651.26611328125000000000000 631.10815429687500000000000
-87.50066375732421875000000 -2652.45263671875000000000000 631.08862304687500000000000
-87.34123229980468750000000 -2655.42553710937500000000000 631.03710937500000000000000
-87.22439575195312500000000 -2657.60400390625000000000000 630.99548339843750000000000
-87.03846740722656250000000 -2661.07128906250000000000000 630.92468261718750000000000
-87.02816772460937500000000 -2661.26318359375000000000000 630.92083740234375000000000
-87.02035522460937500000000 -2661.40893554687500000000000 630.91790771484375000000000
-86.92350006103515625000000 -2663.21508789062500000000000 630.88183593750000000000000
-86.72113037109375000000000 -2666.98876953125000000000000 630.80603027343750000000000
-86.69231414794921875000000 -2667.52612304687500000000000 630.79602050781250000000000
-86.53957366943359375000000 -2670.37426757812500000000000 630.74041748046875000000000
-86.47573852539062500000000 -2671.56469726562500000000000 630.71643066406250000000000
-86.44869232177734375000000 -2672.06909179687500000000000 630.70477294921875000000000
-86.37929534912109375000000 -2673.36328125000000000000000 630.67565917968750000000000
-86.20307922363281250000000 -2676.64941406250000000000000 630.59881591796875000000000
-86.07085418701171875000000 -2679.11547851562500000000000 630.53979492187500000000000
-85.93731689453125000000000 -2681.60571289062500000000000 630.48229980468750000000000
-85.82595062255859375000000 -2683.68261718750000000000000 630.43206787109375000000000
-85.72568511962890625000000 -2685.55249023437500000000000 630.38537597656250000000000
-85.60335540771484375000000 -2687.83422851562500000000000 630.32672119140625000000000
-85.51978302001953125000000 -2689.39282226562500000000000 630.28491210937500000000000
-85.42518615722656250000000 -2691.15722656250000000000000 630.23535156250000000000000
-85.25718688964843750000000 -2694.29052734375000000000000 630.15081787109375000000000
-85.24395751953125000000000 -2694.53735351562500000000000 630.14385986328125000000000
-85.20468139648437500000000 -2695.26977539062500000000000 630.12298583984375000000000
-84.95809936523437500000000 -2699.86889648437500000000000 629.99359130859375000000000
-84.84553527832031250000000 -2701.96850585937500000000000 629.93243408203125000000000
-84.73313903808593750000000 -2704.06469726562500000000000 629.87005615234375000000000
-84.65050506591796875000000 -2705.60620117187500000000000 629.82550048828125000000000
-84.57691192626953125000000 -2706.97875976562500000000000 629.78375244140625000000000
-84.41889953613281250000000 -2709.92602539062500000000000 629.69708251953125000000000
-84.22856140136718750000000 -2713.47607421875000000000000 629.59454345703125000000000
-83.97564697265625000000000 -2718.19360351562500000000000 629.45190429687500000000000
-83.93492889404296875000000 -2718.95312500000000000000000 629.42846679687500000000000
-83.87586212158203125000000 -2720.05493164062500000000000 629.39239501953125000000000
-83.82788848876953125000000 -2720.94995117187500000000000 629.36187744140625000000000
-83.79355621337890625000000 -2721.59033203125000000000000 629.33905029296875000000000
-83.63671875000000000000000 -2724.51611328125000000000000 629.23645019531250000000000
-83.57293701171875000000000 -2725.70581054687500000000000 629.19647216796875000000000
-83.47874450683593750000000 -2727.46289062500000000000000 629.14056396484375000000000
-83.36072540283203125000000 -2729.66430664062500000000000 629.06835937500000000000000
-83.28631591796875000000000 -2731.05224609375000000000000 629.02636718750000000000000
-83.25594329833984375000000 -2731.61889648437500000000000 629.00799560546875000000000
-83.11800384521484375000000 -2734.19189453125000000000000 628.92303466796875000000000
-82.86809539794921875000000 -2738.85375976562500000000000 628.76892089843750000000000
-82.79622650146484375000000 -2740.19433593750000000000000 628.72515869140625000000000
-82.71387481689453125000000 -2741.73046875000000000000000 628.67340087890625000000000
-82.67173004150390625000000 -2742.51660156250000000000000 628.64453125000000000000000
-82.51600646972656250000000 -2745.42187500000000000000000 628.53637695312500000000000
-82.43077087402343750000000 -2747.01220703125000000000000 628.47448730468750000000000
-82.39957427978515625000000 -2747.59399414062500000000000 628.45190429687500000000000
-82.36385345458984375000000 -2748.26049804687500000000000 628.42401123046875000000000
-82.22105407714843750000000 -2750.92480468750000000000000 628.31439208984375000000000
-82.00955200195312500000000 -2754.87133789062500000000000 628.14135742187500000000000
-81.95649719238281250000000 -2755.86132812500000000000000 628.09716796875000000000000
-81.73329162597656250000000 -2760.02563476562500000000000 627.92419433593750000000000
-81.72925567626953125000000 -2760.10107421875000000000000 627.92114257812500000000000
-81.72672271728515625000000 -2760.14843750000000000000000 627.91925048828125000000000
-81.71629333496093750000000 -2760.34277343750000000000000 627.91125488281250000000000
-81.56517028808593750000000 -2763.16235351562500000000000 627.79583740234375000000000
-81.51700592041015625000000 -2764.06103515625000000000000 627.75805664062500000000000
-81.35907745361328125000000 -2767.00781250000000000000000 627.63574218750000000000000
-81.28475189208984375000000 -2768.39453125000000000000000 627.57635498046875000000000
-81.18961334228515625000000 -2770.16967773437500000000000 627.50030517578125000000000
-80.88597106933593750000000 -2775.83544921875000000000000 627.24951171875000000000000
-80.83559417724609375000000 -2776.77539062500000000000000 627.20697021484375000000000
-80.57485198974609375000000 -2781.64086914062500000000000 626.98431396484375000000000
-80.56805419921875000000000 -2781.76757812500000000000000 626.97833251953125000000000
-80.56020355224609375000000 -2781.91406250000000000000000 626.97100830078125000000000
-80.50047302246093750000000 -2783.02856445312500000000000 626.91748046875000000000000
-80.26422882080078125000000 -2787.43725585937500000000000 626.70715332031250000000000
-80.15334320068359375000000 -2789.50634765625000000000000 626.60797119140625000000000
-79.98387908935546875000000 -2792.66870117187500000000000 626.45526123046875000000000
-79.96637725830078125000000 -2792.99536132812500000000000 626.43933105468750000000000
-79.95304870605468750000000 -2793.24414062500000000000000 626.42669677734375000000000
-79.75582885742187500000000 -2796.92480468750000000000000 626.23608398437500000000000
-79.66430664062500000000000 -2798.63281250000000000000000 626.15063476562500000000000
-79.60575103759765625000000 -2799.72534179687500000000000 626.09686279296875000000000
-79.42903900146484375000000 -2803.02319335937500000000000 625.93066406250000000000000
-79.36888885498046875000000 -2804.14575195312500000000000 625.87475585937500000000000
-79.10761260986328125000000 -2809.02197265625000000000000 625.62438964843750000000000
-79.08762359619140625000000 -2809.39501953125000000000000 625.60357666015625000000000
-79.07816314697265625000000 -2809.57153320312500000000000 625.59417724609375000000000
-78.99398040771484375000000 -2811.14257812500000000000000 625.50720214843750000000000
-78.95040893554687500000000 -2811.95605468750000000000000 625.46173095703125000000000
-78.94149017333984375000000 -2812.12255859375000000000000 625.45233154296875000000000
-78.65206146240234375000000 -2817.52465820312500000000000 625.14306640625000000000000
-78.64497375488281250000000 -2817.65698242187500000000000 625.13574218750000000000000
-78.62947082519531250000000 -2817.94653320312500000000000 625.11944580078125000000000
-78.38973999023437500000000 -2822.42114257812500000000000 624.86468505859375000000000
-78.24143981933593750000000 -2825.18920898437500000000000 624.70599365234375000000000
-78.16761779785156250000000 -2826.56689453125000000000000 624.62799072265625000000000
-78.09798431396484375000000 -2827.86669921875000000000000 624.55126953125000000000000
-77.94398498535156250000000 -2830.74145507812500000000000 624.38000488281250000000000
-77.86457824707031250000000 -2832.22363281250000000000000 624.28808593750000000000000
-77.65229797363281250000000 -2836.18627929687500000000000 624.04754638671875000000000
-77.53587341308593750000000 -2838.35961914062500000000000 623.91558837890625000000000
-77.37846374511718750000000 -2841.29785156250000000000000 623.74298095703125000000000
-77.29917144775390625000000 -2842.77783203125000000000000 623.65509033203125000000000
-77.24668121337890625000000 -2843.75781250000000000000000 623.59240722656250000000000
-77.10382843017578125000000 -2846.42456054687500000000000 623.42590332031250000000000
-76.93388366699218750000000 -2849.59716796875000000000000 623.22692871093750000000000
-76.90541076660156250000000 -2850.12866210937500000000000 623.19232177734375000000000
-76.88771820068359375000000 -2850.45898437500000000000000 623.17041015625000000000000
-76.73215484619140625000000 -2853.36328125000000000000000 622.97656250000000000000000
-76.60242462158203125000000 -2855.78540039062500000000000 622.81201171875000000000000
-76.49283599853515625000000 -2857.83154296875000000000000 622.67718505859375000000000
-76.39783477783203125000000 -2859.60498046875000000000000 622.55944824218750000000000
-76.17763519287109375000000 -2863.71606445312500000000000 622.28918457031250000000000
-76.14078521728515625000000 -2864.40405273437500000000000 622.24432373046875000000000
-76.12377166748046875000000 -2864.72167968750000000000000 622.22326660156250000000000
-75.92162322998046875000000 -2868.49560546875000000000000 621.96887207031250000000000
-75.81084442138671875000000 -2870.56420898437500000000000 621.82885742187500000000000
-75.66104125976562500000000 -2873.36108398437500000000000 621.63348388671875000000000
-75.52610015869140625000000 -2875.88061523437500000000000 621.45782470703125000000000
-75.40363311767578125000000 -2878.16699218750000000000000 621.30310058593750000000000
-75.27783966064453125000000 -2880.51586914062500000000000 621.14227294921875000000000
-75.09224700927734375000000 -2883.98071289062500000000000 620.91400146484375000000000
-75.07218933105468750000000 -2884.35522460937500000000000 620.88903808593750000000000
-75.03797912597656250000000 -2884.99389648437500000000000 620.84747314453125000000000
-74.88722229003906250000000 -2887.80834960937500000000000 620.66094970703125000000000
-74.85090637207031250000000 -2888.48632812500000000000000 620.61511230468750000000000
-74.68062591552734375000000 -2891.66577148437500000000000 620.39355468750000000000000
-74.61407470703125000000000 -2892.90820312500000000000000 620.30645751953125000000000
-74.42279815673828125000000 -2896.47998046875000000000000 620.05102539062500000000000
-74.21131134033203125000000 -2900.42895507812500000000000 619.76525878906250000000000
-74.02238464355468750000000 -2903.95678710937500000000000 619.50195312500000000000000
-73.96846771240234375000000 -2904.96386718750000000000000 619.42584228515625000000000
-73.80055999755859375000000 -2908.09936523437500000000000 619.18524169921875000000000
-73.71560668945312500000000 -2909.68579101562500000000000 619.06152343750000000000000
-73.66350555419921875000000 -2910.65893554687500000000000 618.98632812500000000000000
-73.58471679687500000000000 -2912.13012695312500000000000 618.87030029296875000000000
-73.53600311279296875000000 -2913.04003906250000000000000 618.79748535156250000000000
-73.47839355468750000000000 -2914.11596679687500000000000 618.70910644531250000000000
-73.29460906982421875000000 -2917.54858398437500000000000 618.42883300781250000000000
-73.19817352294921875000000 -2919.34985351562500000000000 618.27685546875000000000000
-73.11189270019531250000000 -2920.96142578125000000000000 618.13793945312500000000000
-73.03078460693359375000000 -2922.47656250000000000000000 618.00543212890625000000000
-72.84066009521484375000000 -2926.02832031250000000000000 617.68347167968750000000000
-72.78429412841796875000000 -2927.08129882812500000000000 617.58831787109375000000000
-72.71686553955078125000000 -2928.34082031250000000000000 617.47369384765625000000000
-72.57981109619140625000000 -2930.90136718750000000000000 617.24334716796875000000000
-72.49184417724609375000000 -2932.54467773437500000000000 617.09362792968750000000000
-72.43746185302734375000000 -2933.56054687500000000000000 617.00482177734375000000000
-72.37361145019531250000000 -2934.75317382812500000000000 616.90020751953125000000000
-72.22035980224609375000000 -2937.61572265625000000000000 616.65209960937500000000000
-72.14372253417968750000000 -2939.04736328125000000000000 616.52593994140625000000000
-72.03829193115234375000000 -2941.01684570312500000000000 616.35137939453125000000000
-71.98428344726562500000000 -2942.02587890625000000000000 616.26043701171875000000000
-71.73403930664062500000000 -2946.70117187500000000000000 615.82348632812500000000000
-71.63317108154296875000000 -2948.58544921875000000000000 615.64898681640625000000000
-71.58065795898437500000000 -2949.56665039062500000000000 615.55566406250000000000000
-71.34225463867187500000000 -2954.02099609375000000000000 615.12896728515625000000000
-71.33838653564453125000000 -2954.09326171875000000000000 615.12194824218750000000000
-71.33502960205078125000000 -2954.15600585937500000000000 615.11590576171875000000000
-71.04182434082031250000000 -2959.63403320312500000000000 614.58917236328125000000000
-70.83200836181640625000000 -2963.55419921875000000000000 614.21191406250000000000000
-70.78958129882812500000000 -2964.34692382812500000000000 614.13537597656250000000000
-70.72630310058593750000000 -2965.52929687500000000000000 614.02105712890625000000000
-70.56184387207031250000000 -2968.60229492187500000000000 613.72448730468750000000000
-70.32579040527343750000000 -2973.01269531250000000000000 613.29180908203125000000000
-70.27112579345703125000000 -2974.03417968750000000000000 613.19244384765625000000000
-70.19725799560546875000000 -2975.41430664062500000000000 613.05505371093750000000000
-70.09204101562500000000000 -2977.38037109375000000000000 612.85937500000000000000000
-69.98650360107421875000000 -2979.35253906250000000000000 612.66076660156250000000000
-69.75630187988281250000000 -2983.65405273437500000000000 612.22357177734375000000000
-69.72805786132812500000000 -2984.18188476562500000000000 612.16973876953125000000000
-69.51817321777343750000000 -2988.10400390625000000000000 611.77239990234375000000000
-69.38829040527343750000000 -2990.53100585937500000000000 611.52777099609375000000000
-69.27991485595703125000000 -2992.55590820312500000000000 611.32568359375000000000000
-69.20473480224609375000000 -2993.96093750000000000000000 611.18188476562500000000000
-69.14440155029296875000000 -2995.08837890625000000000000 611.06658935546875000000000
-68.98793792724609375000000 -2998.01220703125000000000000 610.76171875000000000000000
-68.86315155029296875000000 -3000.34423828125000000000000 610.51824951171875000000000
-68.84316253662109375000000 -3000.71777343750000000000000 610.47918701171875000000000
-68.75533294677734375000000 -3002.35937500000000000000000 610.30395507812500000000000
-68.70854949951171875000000 -3003.23364257812500000000000 610.21002197265625000000000
-68.64859771728515625000000 -3004.35424804687500000000000 610.08935546875000000000000
-68.52302551269531250000000 -3006.70117187500000000000000 609.83636474609375000000000
-68.48127746582031250000000 -3007.48120117187500000000000 609.75323486328125000000000
-68.27208709716796875000000 -3011.39086914062500000000000 609.33288574218750000000000
-68.13684844970703125000000 -3013.91845703125000000000000 609.05798339843750000000000
-68.13334655761718750000000 -3013.98388671875000000000000 609.05072021484375000000000
-67.96392059326171875000000 -3017.15087890625000000000000 608.69232177734375000000000
-67.95365142822265625000000 -3017.34277343750000000000000 608.67089843750000000000000
-67.93583679199218750000000 -3017.67578125000000000000000 608.63311767578125000000000
-67.59725952148437500000000 -3024.00488281250000000000000 607.90747070312500000000000
-67.43016815185546875000000 -3027.12817382812500000000000 607.55029296875000000000000
-67.36390686035156250000000 -3028.36669921875000000000000 607.41058349609375000000000
-67.26480865478515625000000 -3030.21899414062500000000000 607.20202636718750000000000
-67.11922454833984375000000 -3032.94018554687500000000000 606.89904785156250000000000
-67.08006286621093750000000 -3033.67211914062500000000000 606.81835937500000000000000
-66.80780029296875000000000 -3038.76098632812500000000000 606.25573730468750000000000
-66.75399017333984375000000 -3039.76684570312500000000000 606.14013671875000000000000
-66.65219879150390625000000 -3041.66967773437500000000000 605.91699218750000000000000
-66.58787536621093750000000 -3042.87207031250000000000000 605.77429199218750000000000
-66.51889038085937500000000 -3044.16186523437500000000000 605.61645507812500000000000
-66.32034301757812500000000 -3047.87426757812500000000000 605.15234375000000000000000
-66.30489349365234375000000 -3048.16308593750000000000000 605.11590576171875000000000
-66.14904022216796875000000 -3051.07788085937500000000000 604.73864746093750000000000
-66.12265014648437500000000 -3051.57128906250000000000000 604.67413330078125000000000
-66.01673126220703125000000 -3053.55200195312500000000000 604.41278076171875000000000
-65.94699859619140625000000 -3054.85620117187500000000000 604.23852539062500000000000
-65.82153320312500000000000 -3057.20263671875000000000000 603.92669677734375000000000
-65.79528045654296875000000 -3057.69335937500000000000000 603.86059570312500000000000
-65.76613616943359375000000 -3058.23852539062500000000000 603.78924560546875000000000
-65.64150238037109375000000 -3060.56909179687500000000000 603.48571777343750000000000
-65.57763671875000000000000 -3061.76342773437500000000000 603.33221435546875000000000
-65.42700958251953125000000 -3064.58007812500000000000000 602.96984863281250000000000
-65.34625244140625000000000 -3066.09033203125000000000000 602.77569580078125000000000
-65.17282867431640625000000 -3069.33325195312500000000000 602.35559082031250000000000
-65.12324523925781250000000 -3070.26049804687500000000000 602.23504638671875000000000
-65.05348205566406250000000 -3071.56518554687500000000000 602.06475830078125000000000
-64.88326263427734375000000 -3074.74804687500000000000000 601.65466308593750000000000
-64.81445312500000000000000 -3076.03491210937500000000000 601.48657226562500000000000
-64.74638366699218750000000 -3077.30810546875000000000000 601.31591796875000000000000
-64.69100189208984375000000 -3078.34375000000000000000000 601.17773437500000000000000
-64.41973114013671875000000 -3083.41723632812500000000000 600.48291015625000000000000
-64.37602996826171875000000 -3084.23486328125000000000000 600.37048339843750000000000
-64.34502410888671875000000 -3084.81469726562500000000000 600.29254150390625000000000
-64.23315429687500000000000 -3086.90698242187500000000000 600.00756835937500000000000
-64.07792663574218750000000 -3089.81005859375000000000000 599.62066650390625000000000
-64.07134246826171875000000 -3089.93310546875000000000000 599.60437011718750000000000
-64.06156921386718750000000 -3090.11596679687500000000000 599.58062744140625000000000
-63.81608963012695312500000 -3094.70629882812500000000000 598.98315429687500000000000
-63.67804336547851562500000 -3097.28808593750000000000000 598.64434814453125000000000
-63.62968826293945312500000 -3098.19213867187500000000000 598.52575683593750000000000
-63.47729873657226562500000 -3101.04223632812500000000000 598.14367675781250000000000
-63.42139053344726562500000 -3102.08789062500000000000000 598.00396728515625000000000
-63.40506744384765625000000 -3102.39306640625000000000000 597.96258544921875000000000
-63.19946670532226562500000 -3106.23852539062500000000000 597.43737792968750000000000
-63.19890594482421875000000 -3106.24902343750000000000000 597.43597412109375000000000
-63.19887161254882812500000 -3106.24975585937500000000000 597.43585205078125000000000
-63.05565261840820312500000 -3108.92846679687500000000000 597.06488037109375000000000
-63.02667617797851562500000 -3109.47045898437500000000000 596.98895263671875000000000
-62.81711196899414062500000 -3113.39038085937500000000000 596.43652343750000000000000
-62.80345153808593750000000 -3113.64599609375000000000000 596.40032958984375000000000
-62.78451919555664062500000 -3114.00024414062500000000000 596.34936523437500000000000
-62.65175247192382812500000 -3116.48388671875000000000000 595.99005126953125000000000
-62.59259414672851562500000 -3117.59057617187500000000000 595.82745361328125000000000
-62.48006057739257812500000 -3119.69604492187500000000000 595.51770019531250000000000
-62.45911788940429687500000 -3120.08789062500000000000000 595.45843505859375000000000
-62.32670593261718750000000 -3122.56518554687500000000000 595.08959960937500000000000
-62.20307540893554687500000 -3124.87841796875000000000000 594.73400878906250000000000
-62.18425750732421875000000 -3125.23046875000000000000000 594.67950439453125000000000
-62.15932464599609375000000 -3125.69702148437500000000000 594.60699462890625000000000
-62.01499557495117187500000 -3128.39794921875000000000000 594.18585205078125000000000
-61.96664810180664062500000 -3129.30273437500000000000000 594.04211425781250000000000
-61.92538833618164062500000 -3130.07495117187500000000000 593.91699218750000000000000
-61.78487396240234375000000 -3132.70458984375000000000000 593.49456787109375000000000
-61.72378158569335937500000 -3133.84790039062500000000000 593.30792236328125000000000
-61.54924774169921875000000 -3137.11474609375000000000000 592.76885986328125000000000
-61.54725646972656250000000 -3137.15185546875000000000000 592.76269531250000000000000
-61.34585571289062500000000 -3140.92187500000000000000000 592.13201904296875000000000
-61.32964706420898437500000 -3141.22509765625000000000000 592.08117675781250000000000
-61.24313354492187500000000 -3142.84448242187500000000000 591.81475830078125000000000
-61.15507888793945312500000 -3144.49243164062500000000000 591.54724121093750000000000
-61.09544754028320312500000 -3145.60839843750000000000000 591.36944580078125000000000
-60.95083618164062500000000 -3148.31445312500000000000000 590.94860839843750000000000
-60.86132049560546875000000 -3149.98950195312500000000000 590.69299316406250000000000
-60.79116058349609375000000 -3151.30200195312500000000000 590.49285888671875000000000
-60.70901107788085937500000 -3152.83935546875000000000000 590.25518798828125000000000
-60.66909027099609375000000 -3153.58642578125000000000000 590.13970947265625000000000
-60.63209152221679687500000 -3154.27880859375000000000000 590.02996826171875000000000
-60.54845809936523437500000 -3155.84375000000000000000000 589.78112792968750000000000
-60.44124221801757812500000 -3157.85034179687500000000000 589.45617675781250000000000
-60.41308212280273437500000 -3158.37744140625000000000000 589.37030029296875000000000
-60.29217910766601562500000 -3160.64038085937500000000000 588.99816894531250000000000
-60.23514938354492187500000 -3161.70776367187500000000000 588.81958007812500000000000
-60.13640594482421875000000 -3163.55615234375000000000000 588.50823974609375000000000
-60.03249740600585937500000 -3165.50122070312500000000000 588.17779541015625000000000
-59.93119049072265625000000 -3167.39770507812500000000000 587.85284423828125000000000
-59.81276321411132812500000 -3169.61474609375000000000000 587.46972656250000000000000
-59.60198593139648437500000 -3173.56054687500000000000000 586.79162597656250000000000
-59.55089950561523437500000 -3174.51708984375000000000000 586.62841796875000000000000
-59.46514511108398437500000 -3176.12231445312500000000000 586.35455322265625000000000
-59.31452560424804687500000 -3178.94189453125000000000000 585.87127685546875000000000
-59.24079895019531250000000 -3180.32202148437500000000000 585.63208007812500000000000
-59.20499038696289062500000 -3180.99243164062500000000000 585.51629638671875000000000
-59.04705810546875000000000 -3183.94921875000000000000000 584.99774169921875000000000
-59.00422286987304687500000 -3184.75122070312500000000000 584.85632324218750000000000
-58.96492385864257812500000 -3185.48706054687500000000000 584.72583007812500000000000
-58.77453613281250000000000 -3189.05151367187500000000000 584.09808349609375000000000
-58.64529418945312500000000 -3191.47143554687500000000000 583.66571044921875000000000
-58.44411468505859375000000 -3195.23803710937500000000000 582.99291992187500000000000
-58.35945892333984375000000 -3196.82324218750000000000000 582.70892333984375000000000
-58.31533050537109375000000 -3197.64941406250000000000000 582.55999755859375000000000
-58.20747756958007812500000 -3199.66918945312500000000000 582.19360351562500000000000
-58.09187698364257812500000 -3201.83398437500000000000000 581.79345703125000000000000
-58.02254104614257812500000 -3203.13232421875000000000000 581.55316162109375000000000
-57.95513534545898437500000 -3204.39477539062500000000000 581.31311035156250000000000
-57.90454483032226562500000 -3205.34228515625000000000000 581.13250732421875000000000
-57.85233306884765625000000 -3206.32031250000000000000000 580.94299316406250000000000
-57.76059722900390625000000 -3208.03857421875000000000000 580.60772705078125000000000
-57.67856979370117187500000 -3209.57495117187500000000000 580.31170654296875000000000
-57.58033370971679687500000 -3211.41479492187500000000000 579.96228027343750000000000
-57.57854461669921875000000 -3211.44824218750000000000000 579.95581054687500000000000
-57.57365417480468750000000 -3211.54003906250000000000000 579.93884277343750000000000
-57.44167327880859375000000 -3214.01147460937500000000000 579.48083496093750000000000
-57.36002349853515625000000 -3215.54052734375000000000000 579.20263671875000000000000
-57.29596328735351562500000 -3216.73999023437500000000000 578.98229980468750000000000
-57.23773574829101562500000 -3217.83032226562500000000000 578.78094482421875000000000
-57.14363098144531250000000 -3219.59277343750000000000000 578.45367431640625000000000
-57.07939147949218750000000 -3220.79565429687500000000000 578.23266601562500000000000
-56.91371536254882812500000 -3223.89819335937500000000000 577.65661621093750000000000
-56.87859725952148437500000 -3224.55590820312500000000000 577.53509521484375000000000
-56.84334945678710937500000 -3225.21606445312500000000000 577.41204833984375000000000
-56.61930847167968750000000 -3229.41162109375000000000000 576.63037109375000000000000
-56.55846405029296875000000 -3230.55102539062500000000000 576.41796875000000000000000
-56.45346832275390625000000 -3232.51757812500000000000000 576.04815673828125000000000
-56.37584304809570312500000 -3233.97119140625000000000000 575.77703857421875000000000
-56.28847885131835937500000 -3235.60742187500000000000000 575.46887207031250000000000
-56.23339462280273437500000 -3236.63891601562500000000000 575.27319335937500000000000
-56.11399078369140625000000 -3238.87548828125000000000000 574.84100341796875000000000
-56.06874465942382812500000 -3239.72290039062500000000000 574.67706298828125000000000
-56.05315399169921875000000 -3240.01513671875000000000000 574.61962890625000000000000
-55.98354339599609375000000 -3241.31884765625000000000000 574.36560058593750000000000
-55.85565185546875000000000 -3243.71459960937500000000000 573.89874267578125000000000
-55.79726028442382812500000 -3244.80834960937500000000000 573.68548583984375000000000
-55.62860107421875000000000 -3247.96752929687500000000000 573.06817626953125000000000
-55.50236892700195312500000 -3250.33203125000000000000000 572.60467529296875000000000
-55.41539382934570312500000 -3251.96142578125000000000000 572.28381347656250000000000
-55.34375000000000000000000 -3253.30346679687500000000000 572.01806640625000000000000
-55.29346084594726562500000 -3254.24560546875000000000000 571.83074951171875000000000
-55.25606918334960937500000 -3254.94604492187500000000000 571.68945312500000000000000
-55.18874740600585937500000 -3256.20727539062500000000000 571.43579101562500000000000
-55.13021087646484375000000 -3257.30395507812500000000000 571.21289062500000000000000
-55.05463027954101562500000 -3258.71997070312500000000000 570.92169189453125000000000
-55.00389480590820312500000 -3259.67065429687500000000000 570.72479248046875000000000
-54.97187042236328125000000 -3260.27075195312500000000000 570.59912109375000000000000
-54.89414596557617187500000 -3261.72729492187500000000000 570.29534912109375000000000
-54.80530548095703125000000 -3263.39184570312500000000000 569.95007324218750000000000
-54.76980590820312500000000 -3264.05688476562500000000000 569.81451416015625000000000
-54.69958114624023437500000 -3265.37255859375000000000000 569.54718017578125000000000
-54.46982955932617187500000 -3269.67700195312500000000000 568.67846679687500000000000
-54.45518493652343750000000 -3269.95141601562500000000000 568.62322998046875000000000
-54.44315719604492187500000 -3270.17675781250000000000000 568.57720947265625000000000
-54.21364212036132812500000 -3274.47680664062500000000000 567.70318603515625000000000
-54.10070419311523437500000 -3276.59277343750000000000000 567.26702880859375000000000
-53.95977401733398437500000 -3279.23339843750000000000000 566.72088623046875000000000
-53.89286041259765625000000 -3280.48730468750000000000000 566.46234130859375000000000
-53.84741973876953125000000 -3281.33862304687500000000000 566.28582763671875000000000
-53.75707244873046875000000 -3283.03125000000000000000000 565.94152832031250000000000
-53.65241622924804687500000 -3284.99218750000000000000000 565.53619384765625000000000
-53.62549972534179687500000 -3285.49658203125000000000000 565.43103027343750000000000
-53.54492950439453125000000 -3287.00634765625000000000000 565.12109375000000000000000
-53.47500610351562500000000 -3288.31640625000000000000000 564.84814453125000000000000
-53.38420486450195312500000 -3290.01806640625000000000000 564.48864746093750000000000
-53.29533004760742187500000 -3291.68359375000000000000000 564.13494873046875000000000
-53.22061157226562500000000 -3293.08374023437500000000000 563.83148193359375000000000
-53.10615539550781250000000 -3295.22900390625000000000000 563.36505126953125000000000
-52.99282455444335937500000 -3297.35327148437500000000000 562.90020751953125000000000
-52.94720840454101562500000 -3298.20825195312500000000000 562.71368408203125000000000
-52.72676086425781250000000 -3302.34008789062500000000000 561.80200195312500000000000
-52.49969482421875000000000 -3306.59643554687500000000000 560.85803222656250000000000
-52.48503494262695312500000 -3306.87109375000000000000000 560.79669189453125000000000
-52.46450424194335937500000 -3307.25610351562500000000000 560.71032714843750000000000
-52.33319854736328125000000 -3309.71752929687500000000000 560.15777587890625000000000
-52.30231857299804687500000 -3310.29638671875000000000000 560.02673339843750000000000
-52.16770172119140625000000 -3312.82006835937500000000000 559.45330810546875000000000
-52.13016891479492187500000 -3313.52368164062500000000000 559.29174804687500000000000
-52.01385116577148437500000 -3315.70434570312500000000000 558.78625488281250000000000
-52.00024414062500000000000 -3315.95971679687500000000000 558.72717285156250000000000
-51.91046524047851562500000 -3317.64306640625000000000000 558.33197021484375000000000
-51.78155899047851562500000 -3320.06030273437500000000000 557.76110839843750000000000
-51.76459503173828125000000 -3320.37817382812500000000000 557.68566894531250000000000
-51.75630569458007812500000 -3320.53369140625000000000000 557.64855957031250000000000
-51.74004364013671875000000 -3320.83862304687500000000000 557.57513427734375000000000
-51.49146270751953125000000 -3325.50048828125000000000000 556.44830322265625000000000
-51.36049652099609375000000 -3327.95678710937500000000000 555.85296630859375000000000
-51.27894592285156250000000 -3329.48608398437500000000000 555.48022460937500000000000
-51.12274932861328125000000 -3332.41552734375000000000000 554.76928710937500000000000
-51.03168487548828125000000 -3334.12353515625000000000000 554.35418701171875000000000
-50.85237503051757812500000 -3337.48657226562500000000000 553.53002929687500000000000
-50.80389404296875000000000 -3338.39575195312500000000000 553.30633544921875000000000
-50.71756362915039062500000 -3340.01513671875000000000000 552.90435791015625000000000
-50.61632537841796875000000 -3341.91406250000000000000000 552.43298339843750000000000
-50.56857681274414062500000 -3342.80957031250000000000000 552.21221923828125000000000
-50.45901107788085937500000 -3344.86474609375000000000000 551.70587158203125000000000
-50.45286941528320312500000 -3344.97998046875000000000000 551.67749023437500000000000
-50.44156646728515625000000 -3345.19189453125000000000000 551.62646484375000000000000
-50.28433990478515625000000 -3348.14038085937500000000000 550.91760253906250000000000
-50.24773788452148437500000 -3348.82666015625000000000000 550.75665283203125000000000
-50.18343353271484375000000 -3350.03247070312500000000000 550.47247314453125000000000
-50.14327239990234375000000 -3350.78540039062500000000000 550.29290771484375000000000
-50.05882644653320312500000 -3352.36840820312500000000000 549.94067382812500000000000
-50.02841186523437500000000 -3352.93823242187500000000000 549.82836914062500000000000
-50.02342224121093750000000 -3353.03173828125000000000000 549.81072998046875000000000
-49.99829864501953125000000 -3353.50195312500000000000000 549.72943115234375000000000
