-227.57455444335937500000000 -1864.32287597656250000000000 565.51092529296875000000000
-227.51867675781250000000000 -1865.36022949218750000000000 565.68145751953125000000000
-227.46095275878906250000000 -1866.43127441406250000000000 565.86108398437500000000000
-227.30213928222656250000000 -1869.37866210937500000000000 566.35455322265625000000000
-227.02644348144531250000000 -1874.49523925781250000000000 567.20855712890625000000000
-226.95956420898437500000000 -1875.73632812500000000000000 567.41491699218750000000000
-226.81799316406250000000000 -1878.36413574218750000000000 567.84832763671875000000000
-226.76220703125000000000000 -1879.39941406250000000000000 568.01892089843750000000000
-226.56028747558593750000000 -1883.14721679687500000000000 568.62689208984375000000000
-226.44056701660156250000000 -1885.36914062500000000000000 568.98651123046875000000000
-226.38185119628906250000000 -1886.45922851562500000000000 569.16204833984375000000000
-226.31546020507812500000000 -1887.69140625000000000000000 569.36206054687500000000000
-226.10261535644531250000000 -1891.64196777343750000000000 570.00195312500000000000000
-225.86561584472656250000000 -1896.04113769531250000000000 570.71191406250000000000000
-225.59381103515625000000000 -1901.08581542968750000000000 571.53405761718750000000000
-225.42993164062500000000000 -1904.12756347656250000000000 572.02862548828125000000000
-225.27478027343750000000000 -1907.00732421875000000000000 572.49804687500000000000000
-224.98448181152343750000000 -1912.39587402343750000000000 573.36712646484375000000000
-224.96572875976562500000000 -1912.74365234375000000000000 573.42340087890625000000000
-224.96298217773437500000000 -1912.79467773437500000000000 573.43157958984375000000000
-224.93319702148437500000000 -1913.34765625000000000000000 573.52014160156250000000000
-224.79432678222656250000000 -1915.92541503906250000000000 573.93237304687500000000000
-224.76417541503906250000000 -1916.48510742187500000000000 574.02172851562500000000000
-224.29618835449218750000000 -1925.17211914062500000000000 575.40380859375000000000000
-224.28242492675781250000000 -1925.42749023437500000000000 575.44421386718750000000000
-223.90625000000000000000000 -1932.41040039062500000000000 576.54718017578125000000000
-223.60569763183593750000000 -1937.98962402343750000000000 577.42279052734375000000000
-223.54264831542968750000000 -1939.16027832031250000000000 577.60571289062500000000000
-223.32490539550781250000000 -1943.20227050781250000000000 578.23431396484375000000000
-223.21707153320312500000000 -1945.20410156250000000000000 578.54595947265625000000000
-223.17588806152343750000000 -1945.96862792968750000000000 578.66448974609375000000000
-223.09660339355468750000000 -1947.44067382812500000000000 578.89282226562500000000000
-222.84350585937500000000000 -1952.13916015625000000000000 579.62109375000000000000000
-222.70820617675781250000000 -1954.65100097656250000000000 580.00872802734375000000000
-222.29141235351562500000000 -1962.38842773437500000000000 581.20745849609375000000000
-221.71264648437500000000000 -1973.13330078125000000000000 582.85314941406250000000000
-221.66499328613281250000000 -1974.01806640625000000000000 582.98907470703125000000000
-221.60415649414062500000000 -1975.14770507812500000000000 583.16033935546875000000000
-221.12054443359375000000000 -1984.12622070312500000000000 584.52655029296875000000000
-220.66296386718750000000000 -1992.62182617187500000000000 585.80468750000000000000000
-220.64042663574218750000000 -1993.04040527343750000000000 585.86779785156250000000000
-220.62486267089843750000000 -1993.32922363281250000000000 585.91088867187500000000000
-220.12893676757812500000000 -2002.53710937500000000000000 587.28997802734375000000000
-219.79562377929687500000000 -2008.72595214843750000000000 588.20416259765625000000000
-219.53019714355468750000000 -2013.65454101562500000000000 588.93029785156250000000000
-219.18559265136718750000000 -2020.05310058593750000000000 589.86651611328125000000000
-219.02584838867187500000000 -2023.01953125000000000000000 590.29711914062500000000000
-218.81135559082031250000000 -2027.00244140625000000000000 590.86975097656250000000000
-218.65837097167968750000000 -2029.84338378906250000000000 591.27868652343750000000000
-218.51025390625000000000000 -2032.59399414062500000000000 591.66931152343750000000000
-218.27275085449218750000000 -2037.00463867187500000000000 592.29602050781250000000000
-218.02926635742187500000000 -2041.52624511718750000000000 592.93090820312500000000000
-217.88694763183593750000000 -2044.16943359375000000000000 593.29943847656250000000000
-217.64949035644531250000000 -2048.57934570312500000000000 593.91461181640625000000000
-217.36225891113281250000000 -2053.91430664062500000000000 594.64160156250000000000000
-217.25480651855468750000000 -2055.90991210937500000000000 594.91455078125000000000000
-216.96441650390625000000000 -2061.30371093750000000000000 595.64361572265625000000000
-216.91836547851562500000000 -2062.15917968750000000000000 595.75811767578125000000000
-216.66389465332031250000000 -2066.88549804687500000000000 596.39434814453125000000000
-216.49172973632812500000000 -2070.08325195312500000000000 596.82031250000000000000000
-216.24618530273437500000000 -2074.64453125000000000000000 597.42340087890625000000000
-216.15318298339843750000000 -2076.37207031250000000000000 597.65197753906250000000000
-215.78981018066406250000000 -2083.12182617187500000000000 598.53625488281250000000000
-215.73410034179687500000000 -2084.15673828125000000000000 598.67266845703125000000000
-215.65011596679687500000000 -2085.71704101562500000000000 598.87347412109375000000000
-215.26737976074218750000000 -2092.82690429687500000000000 599.78454589843750000000000
-215.07406616210937500000000 -2096.41821289062500000000000 600.23858642578125000000000
-214.92120361328125000000000 -2099.25830078125000000000000 600.59417724609375000000000
-214.77818298339843750000000 -2101.91552734375000000000000 600.92480468750000000000000
-214.53163146972656250000000 -2106.49609375000000000000000 601.49896240234375000000000
-214.51370239257812500000000 -2106.82910156250000000000000 601.54095458984375000000000
-214.50657653808593750000000 -2106.96166992187500000000000 601.55773925781250000000000
-214.48498535156250000000000 -2107.36279296875000000000000 601.60687255859375000000000
-214.14073181152343750000000 -2113.75854492187500000000000 602.39819335937500000000000
-213.96156311035156250000000 -2117.08764648437500000000000 602.79583740234375000000000
-213.86296081542968750000000 -2118.91992187500000000000000 603.01538085937500000000000
-213.65509033203125000000000 -2122.78247070312500000000000 603.47607421875000000000000
-213.56289672851562500000000 -2124.49560546875000000000000 603.67993164062500000000000
-213.44598388671875000000000 -2126.66796875000000000000000 603.93151855468750000000000
-213.23252868652343750000000 -2130.63452148437500000000000 604.39556884765625000000000
-212.93334960937500000000000 -2136.19458007812500000000000 605.02856445312500000000000
-212.84901428222656250000000 -2137.76171875000000000000000 605.21051025390625000000000
-212.80010986328125000000000 -2138.67041015625000000000000 605.31329345703125000000000
-212.68940734863281250000000 -2140.72802734375000000000000 605.53796386718750000000000
-212.55300903320312500000000 -2143.26293945312500000000000 605.82098388671875000000000
-212.49900817871093750000000 -2144.26660156250000000000000 605.92950439453125000000000
-212.44081115722656250000000 -2145.34838867187500000000000 606.04351806640625000000000
-212.43000793457031250000000 -2145.54907226562500000000000 606.06567382812500000000000
-212.41452026367187500000000 -2145.83691406250000000000000 606.09686279296875000000000
-212.22647094726562500000000 -2149.33203125000000000000000 606.48107910156250000000000
-212.15075683593750000000000 -2150.73925781250000000000000 606.64025878906250000000000
-211.99958801269531250000000 -2153.54882812500000000000000 606.95184326171875000000000
-211.88522338867187500000000 -2155.67431640625000000000000 607.18615722656250000000000
-211.72772216796875000000000 -2158.60156250000000000000000 607.50408935546875000000000
-211.64218139648437500000000 -2160.19140625000000000000000 607.67584228515625000000000
-211.60226440429687500000000 -2160.93359375000000000000000 607.75708007812500000000000
-211.50479125976562500000000 -2162.74511718750000000000000 607.95617675781250000000000
-211.28627014160156250000000 -2166.80688476562500000000000 608.38696289062500000000000
-211.26551818847656250000000 -2167.19262695312500000000000 608.42828369140625000000000
-211.21520996093750000000000 -2168.12744140625000000000000 608.52551269531250000000000
-211.10292053222656250000000 -2170.21484375000000000000000 608.74279785156250000000000
-211.02984619140625000000000 -2171.57324218750000000000000 608.88757324218750000000000
-210.86495971679687500000000 -2174.63818359375000000000000 609.20922851562500000000000
-210.75225830078125000000000 -2176.73291015625000000000000 609.43109130859375000000000
-210.71572875976562500000000 -2177.41186523437500000000000 609.50360107421875000000000
-210.61607360839843750000000 -2179.26440429687500000000000 609.69543457031250000000000
-210.54467773437500000000000 -2180.59155273437500000000000 609.83453369140625000000000
-210.38638305664062500000000 -2183.53393554687500000000000 610.13647460937500000000000
-210.21186828613281250000000 -2186.77832031250000000000000 610.47015380859375000000000
-210.18486022949218750000000 -2187.28002929687500000000000 610.52313232421875000000000
-210.10040283203125000000000 -2188.85009765625000000000000 610.68475341796875000000000
-209.99810791015625000000000 -2190.75170898437500000000000 610.88256835937500000000000
-209.90817260742187500000000 -2192.42358398437500000000000 611.05114746093750000000000
-209.77612304687500000000000 -2194.87841796875000000000000 611.30078125000000000000000
-209.64144897460937500000000 -2197.38208007812500000000000 611.55072021484375000000000
-209.51452636718750000000000 -2199.74145507812500000000000 611.78631591796875000000000
-209.39710998535156250000000 -2201.92456054687500000000000 612.00189208984375000000000
-209.22377014160156250000000 -2205.14697265625000000000000 612.32232666015625000000000
-208.96795654296875000000000 -2209.90258789062500000000000 612.79595947265625000000000
-208.93031311035156250000000 -2210.60253906250000000000000 612.86657714843750000000000
-208.91163635253906250000000 -2210.94970703125000000000000 612.90240478515625000000000
-208.52465820312500000000000 -2218.14428710937500000000000 613.60314941406250000000000
-208.46343994140625000000000 -2219.28222656250000000000000 613.71362304687500000000000
-208.13981628417968750000000 -2225.29956054687500000000000 614.28015136718750000000000
-208.07946777343750000000000 -2226.42163085937500000000000 614.38378906250000000000000
-207.85925292968750000000000 -2230.51635742187500000000000 614.76605224609375000000000
-207.69412231445312500000000 -2233.58691406250000000000000 615.04321289062500000000000
-207.56143188476562500000000 -2236.05419921875000000000000 615.26605224609375000000000
-207.36622619628906250000000 -2239.68408203125000000000000 615.59039306640625000000000
-207.24752807617187500000000 -2241.89135742187500000000000 615.78961181640625000000000
-207.13973999023437500000000 -2243.89599609375000000000000 615.95947265625000000000000
-206.85525512695312500000000 -2249.18627929687500000000000 616.42431640625000000000000
-206.40562438964843750000000 -2257.54858398437500000000000 617.12066650390625000000000
-206.38555908203125000000000 -2257.92163085937500000000000 617.15295410156250000000000
-206.37385559082031250000000 -2258.13940429687500000000000 617.17108154296875000000000
-206.33895874023437500000000 -2258.78857421875000000000000 617.22265625000000000000000
-205.91296386718750000000000 -2266.71191406250000000000000 617.85974121093750000000000
-205.71533203125000000000000 -2270.38842773437500000000000 618.13549804687500000000000
-205.56054687500000000000000 -2273.26757812500000000000000 618.36041259765625000000000
-205.34043884277343750000000 -2277.36206054687500000000000 618.66308593750000000000000
-205.27868652343750000000000 -2278.51098632812500000000000 618.74914550781250000000000
-204.98854064941406250000000 -2283.90893554687500000000000 619.12213134765625000000000
-204.88391113281250000000000 -2285.85571289062500000000000 619.25946044921875000000000
-204.86584472656250000000000 -2286.19189453125000000000000 619.28161621093750000000000
-204.85128784179687500000000 -2286.46264648437500000000000 619.29754638671875000000000
-204.76666259765625000000000 -2288.03735351562500000000000 619.39868164062500000000000
-204.70906066894531250000000 -2289.10913085937500000000000 619.46612548828125000000000
-204.70245361328125000000000 -2289.23193359375000000000000 619.47467041015625000000000
-204.66056823730468750000000 -2290.01147460937500000000000 619.53143310546875000000000
-204.56504821777343750000000 -2291.78833007812500000000000 619.66149902343750000000000
-204.54638671875000000000000 -2292.13525390625000000000000 619.68756103515625000000000
-204.40045166015625000000000 -2294.85009765625000000000000 619.89514160156250000000000
-204.25407409667968750000000 -2297.57299804687500000000000 620.09893798828125000000000
-204.21716308593750000000000 -2298.25952148437500000000000 620.15136718750000000000000
-204.08645629882812500000000 -2300.69140625000000000000000 620.32592773437500000000000
-204.01013183593750000000000 -2302.11108398437500000000000 620.43103027343750000000000
-203.98141479492187500000000 -2302.64550781250000000000000 620.46752929687500000000000
-203.81472778320312500000000 -2305.74633789062500000000000 620.68859863281250000000000
-203.63403320312500000000000 -2309.10839843750000000000000 620.91302490234375000000000
-203.59057617187500000000000 -2309.91723632812500000000000 620.96752929687500000000000
-203.45362854003906250000000 -2312.46533203125000000000000 621.14135742187500000000000
-203.39509582519531250000000 -2313.55395507812500000000000 621.21636962890625000000000
-203.37232971191406250000000 -2313.97778320312500000000000 621.24487304687500000000000
-203.28007507324218750000000 -2315.69384765625000000000000 621.36590576171875000000000
-203.18923950195312500000000 -2317.38427734375000000000000 621.47937011718750000000000
-203.15486145019531250000000 -2318.02368164062500000000000 621.52270507812500000000000
-203.10485839843750000000000 -2318.95410156250000000000000 621.58386230468750000000000
-202.96374511718750000000000 -2321.57958984375000000000000 621.76013183593750000000000
-202.86645507812500000000000 -2323.38989257812500000000000 621.88366699218750000000000
-202.77897644042968750000000 -2325.01733398437500000000000 621.99645996093750000000000
-202.57571411132812500000000 -2328.79931640625000000000000 622.24768066406250000000000
-202.54017639160156250000000 -2329.46069335937500000000000 622.29101562500000000000000
-202.49797058105468750000000 -2330.24584960937500000000000 622.34393310546875000000000
-202.26455688476562500000000 -2334.58862304687500000000000 622.64575195312500000000000
-202.15936279296875000000000 -2336.54565429687500000000000 622.78112792968750000000000
-202.02375793457031250000000 -2339.06860351562500000000000 622.95190429687500000000000
-201.82856750488281250000000 -2342.70068359375000000000000 623.18737792968750000000000
-201.82676696777343750000000 -2342.73413085937500000000000 623.18957519531250000000000
-201.62446594238281250000000 -2346.49829101562500000000000 623.43457031250000000000000
-201.49807739257812500000000 -2348.85034179687500000000000 623.57464599609375000000000
-201.32185363769531250000000 -2352.12988281250000000000000 623.77532958984375000000000
-201.26103210449218750000000 -2353.26147460937500000000000 623.84252929687500000000000
-201.07916259765625000000000 -2356.64624023437500000000000 624.03698730468750000000000
-200.96743774414062500000000 -2358.72558593750000000000000 624.15802001953125000000000
-200.75163269042968750000000 -2362.74169921875000000000000 624.39355468750000000000000
-200.59921264648437500000000 -2365.57836914062500000000000 624.55102539062500000000000
-200.36029052734375000000000 -2370.02490234375000000000000 624.80700683593750000000000
-199.99771118164062500000000 -2376.77368164062500000000000 625.15789794921875000000000
-199.97538757324218750000000 -2377.18896484375000000000000 625.18011474609375000000000
-199.65872192382812500000000 -2383.08349609375000000000000 625.47875976562500000000000
-199.56909179687500000000000 -2384.75195312500000000000000 625.56359863281250000000000
-199.56571960449218750000000 -2384.81445312500000000000000 625.56689453125000000000000
-199.56327819824218750000000 -2384.85986328125000000000000 625.56933593750000000000000
-199.52795410156250000000000 -2385.51757812500000000000000 625.60113525390625000000000
-199.30273437500000000000000 -2389.71020507812500000000000 625.80126953125000000000000
-199.23867797851562500000000 -2390.90258789062500000000000 625.86297607421875000000000
-199.17092895507812500000000 -2392.16357421875000000000000 625.92480468750000000000000
-199.10194396972656250000000 -2393.44775390625000000000000 625.98254394531250000000000
-198.80282592773437500000000 -2399.01611328125000000000000 626.24041748046875000000000
-198.65946960449218750000000 -2401.68530273437500000000000 626.35003662109375000000000
-198.61607360839843750000000 -2402.49316406250000000000000 626.38537597656250000000000
-198.53601074218750000000000 -2403.98388671875000000000000 626.44818115234375000000000
-198.48254394531250000000000 -2404.97900390625000000000000 626.49121093750000000000000
-198.45446777343750000000000 -2405.50195312500000000000000 626.51544189453125000000000
-198.33407592773437500000000 -2407.74316406250000000000000 626.61853027343750000000000
-198.24369812011718750000000 -2409.42529296875000000000000 626.70086669921875000000000
-198.24221801757812500000000 -2409.45288085937500000000000 626.70220947265625000000000
-198.23382568359375000000000 -2409.60937500000000000000000 626.70947265625000000000000
-197.98945617675781250000000 -2414.15820312500000000000000 626.92266845703125000000000
-197.76731872558593750000000 -2418.29370117187500000000000 627.10369873046875000000000
-197.70388793945312500000000 -2419.47485351562500000000000 627.15618896484375000000000
-197.68421936035156250000000 -2419.84082031250000000000000 627.17010498046875000000000
-197.32211303710937500000000 -2426.58325195312500000000000 627.42889404296875000000000
-197.22764587402343750000000 -2428.34252929687500000000000 627.49029541015625000000000
-197.13372802734375000000000 -2430.09106445312500000000000 627.55273437500000000000000
-197.02400207519531250000000 -2432.13427734375000000000000 627.62731933593750000000000
-196.80920410156250000000000 -2436.13452148437500000000000 627.75500488281250000000000
-196.80787658691406250000000 -2436.15917968750000000000000 627.75585937500000000000000
-196.63647460937500000000000 -2439.35107421875000000000000 627.86706542968750000000000
-196.58547973632812500000000 -2440.30053710937500000000000 627.90155029296875000000000
-196.48538208007812500000000 -2442.16455078125000000000000 627.96997070312500000000000
-196.44927978515625000000000 -2442.83642578125000000000000 627.99365234375000000000000
-196.32183837890625000000000 -2445.20996093750000000000000 628.07287597656250000000000
-196.11413574218750000000000 -2449.07788085937500000000000 628.19934082031250000000000
-195.96928405761718750000000 -2451.77514648437500000000000 628.28576660156250000000000
-195.89300537109375000000000 -2453.19580078125000000000000 628.33319091796875000000000
-195.81173706054687500000000 -2454.70922851562500000000000 628.38195800781250000000000
-195.61393737792968750000000 -2458.39282226562500000000000 628.49682617187500000000000
-195.49838256835937500000000 -2460.54492187500000000000000 628.56469726562500000000000
-195.28935241699218750000000 -2464.43774414062500000000000 628.68377685546875000000000
-195.27583312988281250000000 -2464.68945312500000000000000 628.69152832031250000000000
-195.17172241210937500000000 -2466.62841796875000000000000 628.74829101562500000000000
-195.06391906738281250000000 -2468.63623046875000000000000 628.80731201171875000000000
-195.05035400390625000000000 -2468.88891601562500000000000 628.81475830078125000000000
-195.03379821777343750000000 -2469.19702148437500000000000 628.82324218750000000000000
-194.86674499511718750000000 -2472.30834960937500000000000 628.91070556640625000000000
-194.64533996582031250000000 -2476.43212890625000000000000 629.02111816406250000000000
-194.64039611816406250000000 -2476.52441406250000000000000 629.02368164062500000000000
-194.62411499023437500000000 -2476.82763671875000000000000 629.03112792968750000000000
-194.30708312988281250000000 -2482.73242187500000000000000 629.17926025390625000000000
-194.23049926757812500000000 -2484.15893554687500000000000 629.21496582031250000000000
-194.18699645996093750000000 -2484.96948242187500000000000 629.23309326171875000000000
-194.11712646484375000000000 -2486.27099609375000000000000 629.26019287109375000000000
-194.00354003906250000000000 -2488.38671875000000000000000 629.30816650390625000000000
-193.88034057617187500000000 -2490.68164062500000000000000 629.35485839843750000000000
-193.87672424316406250000000 -2490.74902343750000000000000 629.35626220703125000000000
-193.86425781250000000000000 -2490.98144531250000000000000 629.36065673828125000000000
-193.63513183593750000000000 -2495.24951171875000000000000 629.44641113281250000000000
-193.38143920898437500000000 -2499.97534179687500000000000 629.53796386718750000000000
-193.29992675781250000000000 -2501.49389648437500000000000 629.56860351562500000000000
-193.24586486816406250000000 -2502.50122070312500000000000 629.58758544921875000000000
-193.05963134765625000000000 -2505.97021484375000000000000 629.65808105468750000000000
-192.92990112304687500000000 -2508.38720703125000000000000 629.70471191406250000000000
-192.67515563964843750000000 -2513.13281250000000000000000 629.78820800781250000000000
-192.55960083007812500000000 -2515.28564453125000000000000 629.82092285156250000000000
-192.39562988281250000000000 -2518.34057617187500000000000 629.86755371093750000000000
-192.26539611816406250000000 -2520.76684570312500000000000 629.90466308593750000000000
-192.07987976074218750000000 -2524.22314453125000000000000 629.95666503906250000000000
-191.85382080078125000000000 -2528.43505859375000000000000 630.01165771484375000000000
-191.64433288574218750000000 -2532.33862304687500000000000 630.05468750000000000000000
-191.34500122070312500000000 -2537.91625976562500000000000 630.09722900390625000000000
-191.34341430664062500000000 -2537.94580078125000000000000 630.09747314453125000000000
-191.34161376953125000000000 -2537.97949218750000000000000 630.09771728515625000000000
-190.98226928710937500000000 -2544.67529296875000000000000 630.14843750000000000000000
-190.82934570312500000000000 -2547.52539062500000000000000 630.16503906250000000000000
-190.79281616210937500000000 -2548.20605468750000000000000 630.17047119140625000000000
-190.74263000488281250000000 -2549.14111328125000000000000 630.17620849609375000000000
-190.59829711914062500000000 -2551.83081054687500000000000 630.19812011718750000000000
-190.36491394042968750000000 -2556.18017578125000000000000 630.21398925781250000000000
-190.11026000976562500000000 -2560.92578125000000000000000 630.22906494140625000000000
-189.90238952636718750000000 -2564.80029296875000000000000 630.23150634765625000000000
-189.69786071777343750000000 -2568.61254882812500000000000 630.21545410156250000000000
-189.56384277343750000000000 -2571.11059570312500000000000 630.20935058593750000000000
-189.48446655273437500000000 -2572.59033203125000000000000 630.19622802734375000000000
-189.42292785644531250000000 -2573.73730468750000000000000 630.19036865234375000000000
-189.33921813964843750000000 -2575.29785156250000000000000 630.18463134765625000000000
-189.24714660644531250000000 -2577.01391601562500000000000 630.17260742187500000000000
-189.11378479003906250000000 -2579.50000000000000000000000 630.15759277343750000000000
-189.05220031738281250000000 -2580.64819335937500000000000 630.14874267578125000000000
-188.94758605957031250000000 -2582.59814453125000000000000 630.13897705078125000000000
-188.88238525390625000000000 -2583.81347656250000000000000 630.13256835937500000000000
-188.82681274414062500000000 -2584.84936523437500000000000 630.12628173828125000000000
-188.63211059570312500000000 -2588.47875976562500000000000 630.10491943359375000000000
-188.41056823730468750000000 -2592.60864257812500000000000 630.07543945312500000000000
-188.38043212890625000000000 -2593.17041015625000000000000 630.07330322265625000000000
-188.32035827636718750000000 -2594.29028320312500000000000 630.06597900390625000000000
-188.24751281738281250000000 -2595.64794921875000000000000 630.06005859375000000000000
-188.23701477050781250000000 -2595.84399414062500000000000 630.05999755859375000000000
-188.13494873046875000000000 -2597.74633789062500000000000 630.04327392578125000000000
-187.92840576171875000000000 -2601.59667968750000000000000 630.01495361328125000000000
-187.74536132812500000000000 -2605.00927734375000000000000 629.97210693359375000000000
-187.73025512695312500000000 -2605.29101562500000000000000 629.96929931640625000000000
-187.70687866210937500000000 -2605.72705078125000000000000 629.96435546875000000000000
-187.55303955078125000000000 -2608.59497070312500000000000 629.93762207031250000000000
-187.48533630371093750000000 -2609.85717773437500000000000 629.92376708984375000000000
-187.45452880859375000000000 -2610.43139648437500000000000 629.92053222656250000000000
-187.32846069335937500000000 -2612.78149414062500000000000 629.89971923828125000000000
-187.19555664062500000000000 -2615.25903320312500000000000 629.88104248046875000000000
-187.12609863281250000000000 -2616.55419921875000000000000 629.86596679687500000000000
-187.00161743164062500000000 -2618.87451171875000000000000 629.84356689453125000000000
-186.88041687011718750000000 -2621.13427734375000000000000 629.81408691406250000000000
-186.82519531250000000000000 -2622.16381835937500000000000 629.80175781250000000000000
-186.77674865722656250000000 -2623.06689453125000000000000 629.79321289062500000000000
-186.65303039550781250000000 -2625.37353515625000000000000 629.75891113281250000000000
-186.57658386230468750000000 -2626.79907226562500000000000 629.73962402343750000000000
-186.52804565429687500000000 -2627.70410156250000000000000 629.72497558593750000000000
-186.38653564453125000000000 -2630.34252929687500000000000 629.68267822265625000000000
-186.35963439941406250000000 -2630.84423828125000000000000 629.67395019531250000000000
-186.25253295898437500000000 -2632.84106445312500000000000 629.64489746093750000000000
-186.16116333007812500000000 -2634.54492187500000000000000 629.61877441406250000000000
-186.14416503906250000000000 -2634.86181640625000000000000 629.61456298828125000000000
-186.11047363281250000000000 -2635.48974609375000000000000 629.60638427734375000000000
-185.95423889160156250000000 -2638.40258789062500000000000 629.57165527343750000000000
-185.77972412109375000000000 -2641.65673828125000000000000 629.51629638671875000000000
-185.63729858398437500000000 -2644.31225585937500000000000 629.46966552734375000000000
-185.49418640136718750000000 -2646.98095703125000000000000 629.42053222656250000000000
-185.36625671386718750000000 -2649.36645507812500000000000 629.37792968750000000000000
-185.13609313964843750000000 -2653.65820312500000000000000 629.29309082031250000000000
-185.03028869628906250000000 -2655.63110351562500000000000 629.25701904296875000000000
-184.95664978027343750000000 -2657.00439453125000000000000 629.22839355468750000000000
-184.79716491699218750000000 -2659.97851562500000000000000 629.16186523437500000000000
-184.63119506835937500000000 -2663.07348632812500000000000 629.09741210937500000000000
-184.54663085937500000000000 -2664.65087890625000000000000 629.05841064453125000000000
-184.30079650878906250000000 -2669.23535156250000000000000 628.95056152343750000000000
-184.07702636718750000000000 -2673.40917968750000000000000 628.82916259765625000000000
-184.06449890136718750000000 -2673.64282226562500000000000 628.82299804687500000000000
-184.05274963378906250000000 -2673.86181640625000000000000 628.81652832031250000000000
-183.84339904785156250000000 -2677.76635742187500000000000 628.70812988281250000000000
-183.73855590820312500000000 -2679.72216796875000000000000 628.64331054687500000000000
-183.68902587890625000000000 -2680.64599609375000000000000 628.61547851562500000000000
-183.59034729003906250000000 -2682.48657226562500000000000 628.56219482421875000000000
-183.44329833984375000000000 -2685.22924804687500000000000 628.47814941406250000000000
-183.33410644531250000000000 -2687.26611328125000000000000 628.41827392578125000000000
-183.13238525390625000000000 -2691.02905273437500000000000 628.28826904296875000000000
-183.06210327148437500000000 -2692.34008789062500000000000 628.24554443359375000000000
-183.03260803222656250000000 -2692.89013671875000000000000 628.22479248046875000000000
-182.86231994628906250000000 -2696.06713867187500000000000 628.10961914062500000000000
-182.75456237792968750000000 -2698.07739257812500000000000 628.03289794921875000000000
-182.68023681640625000000000 -2699.46411132812500000000000 627.98193359375000000000000
-182.61874389648437500000000 -2700.61108398437500000000000 627.93902587890625000000000
-182.45500183105468750000000 -2703.66601562500000000000000 627.82763671875000000000000
-182.26051330566406250000000 -2707.29443359375000000000000 627.68914794921875000000000
-182.22181701660156250000000 -2708.01635742187500000000000 627.66217041015625000000000
-182.17494201660156250000000 -2708.89062500000000000000000 627.62951660156250000000000
-182.03868103027343750000000 -2711.43261718750000000000000 627.53710937500000000000000
-181.96076965332031250000000 -2712.88623046875000000000000 627.47991943359375000000000
-181.79158020019531250000000 -2716.04272460937500000000000 627.35803222656250000000000
-181.72117614746093750000000 -2717.35620117187500000000000 627.30480957031250000000000
-181.63566589355468750000000 -2718.95166015625000000000000 627.24334716796875000000000
-181.54571533203125000000000 -2720.62963867187500000000000 627.17864990234375000000000
-181.43702697753906250000000 -2722.65747070312500000000000 627.09503173828125000000000
-181.39305114746093750000000 -2723.47802734375000000000000 627.06280517578125000000000
-181.31925964355468750000000 -2724.85473632812500000000000 627.00732421875000000000000
-181.26300048828125000000000 -2725.90429687500000000000000 626.96618652343750000000000
-181.16354370117187500000000 -2727.75976562500000000000000 626.90069580078125000000000
-180.87918090820312500000000 -2733.06518554687500000000000 626.69262695312500000000000
-180.82325744628906250000000 -2734.10815429687500000000000 626.65441894531250000000000
-180.79335021972656250000000 -2734.66650390625000000000000 626.63122558593750000000000
-180.52551269531250000000000 -2739.66333007812500000000000 626.42950439453125000000000
-180.27604675292968750000000 -2744.31860351562500000000000 626.20812988281250000000000
-180.18159484863281250000000 -2746.08105468750000000000000 626.12695312500000000000000
-180.04737854003906250000000 -2748.58593750000000000000000 625.99755859375000000000000
-179.97264099121093750000000 -2749.98071289062500000000000 625.92736816406250000000000
-179.94187927246093750000000 -2750.55493164062500000000000 625.89605712890625000000000
-179.74085998535156250000000 -2754.30664062500000000000000 625.69824218750000000000000
-179.58645629882812500000000 -2757.18823242187500000000000 625.53552246093750000000000
-179.58119201660156250000000 -2757.28662109375000000000000 625.53009033203125000000000
-179.57815551757812500000000 -2757.34326171875000000000000 625.52697753906250000000000
-179.47093200683593750000000 -2759.34423828125000000000000 625.42333984375000000000000
-179.41006469726562500000000 -2760.48022460937500000000000 625.36584472656250000000000
-179.27189636230468750000000 -2763.05883789062500000000000 625.24078369140625000000000
-179.21163940429687500000000 -2764.18310546875000000000000 625.18792724609375000000000
-179.17187500000000000000000 -2764.92529296875000000000000 625.15405273437500000000000
-179.11822509765625000000000 -2765.92626953125000000000000 625.10632324218750000000000
-179.03973388671875000000000 -2767.39086914062500000000000 625.03961181640625000000000
-178.83557128906250000000000 -2771.20092773437500000000000 624.84716796875000000000000
-178.77304077148437500000000 -2772.36791992187500000000000 624.78979492187500000000000
-178.73812866210937500000000 -2773.01953125000000000000000 624.75628662109375000000000
-178.63241577148437500000000 -2774.99243164062500000000000 624.65045166015625000000000
-178.54606628417968750000000 -2776.60400390625000000000000 624.56555175781250000000000
-178.49497985839843750000000 -2777.55737304687500000000000 624.51232910156250000000000
-178.38327026367187500000000 -2779.64257812500000000000000 624.39855957031250000000000
-178.30178833007812500000000 -2781.16333007812500000000000 624.31109619140625000000000
-178.23428344726562500000000 -2782.42309570312500000000000 624.24066162109375000000000
-178.21266174316406250000000 -2782.82666015625000000000000 624.21667480468750000000000
-178.08978271484375000000000 -2785.12060546875000000000000 624.08367919921875000000000
-178.08372497558593750000000 -2785.23364257812500000000000 624.07733154296875000000000
-178.04545593261718750000000 -2785.94775390625000000000000 624.03955078125000000000000
-177.91885375976562500000000 -2788.31054687500000000000000 623.91540527343750000000000
-177.88635253906250000000000 -2788.91723632812500000000000 623.88555908203125000000000
-177.73735046386718750000000 -2791.69750976562500000000000 623.75097656250000000000000
-177.65878295898437500000000 -2793.16381835937500000000000 623.68267822265625000000000
-177.52580261230468750000000 -2795.64550781250000000000000 623.55322265625000000000000
-177.49029541015625000000000 -2796.30834960937500000000000 623.51733398437500000000000
-177.28340148925781250000000 -2800.16992187500000000000000 623.30401611328125000000000
-177.13542175292968750000000 -2802.93237304687500000000000 623.12976074218750000000000
-176.98619079589843750000000 -2805.71777343750000000000000 622.96557617187500000000000
-176.93684387207031250000000 -2806.63916015625000000000000 622.90246582031250000000000
-176.89889526367187500000000 -2807.34790039062500000000000 622.84625244140625000000000
-176.85197448730468750000000 -2808.22412109375000000000000 622.78137207031250000000000
-176.84729003906250000000000 -2808.31127929687500000000000 622.77532958984375000000000
-176.76480102539062500000000 -2809.85156250000000000000000 622.67730712890625000000000
-176.73020935058593750000000 -2810.49707031250000000000000 622.63763427734375000000000
-176.63717651367187500000000 -2812.23388671875000000000000 622.53723144531250000000000
-176.57966613769531250000000 -2813.30712890625000000000000 622.47912597656250000000000
-176.44435119628906250000000 -2815.83251953125000000000000 622.34356689453125000000000
-176.36657714843750000000000 -2817.28393554687500000000000 622.26605224609375000000000
-176.29283142089843750000000 -2818.66015625000000000000000 622.19464111328125000000000
-176.20199584960937500000000 -2820.35571289062500000000000 622.09790039062500000000000
-175.95889282226562500000000 -2824.89379882812500000000000 621.82873535156250000000000
-175.69589233398437500000000 -2829.80346679687500000000000 621.51330566406250000000000
-175.61048889160156250000000 -2831.39770507812500000000000 621.41076660156250000000000
-175.52072143554687500000000 -2833.07373046875000000000000 621.30096435546875000000000
-175.34291076660156250000000 -2836.39331054687500000000000 621.08636474609375000000000
-175.14926147460937500000000 -2840.00830078125000000000000 620.85925292968750000000000
-175.09974670410156250000000 -2840.93261718750000000000000 620.80212402343750000000000
-175.01145935058593750000000 -2842.58081054687500000000000 620.70013427734375000000000
-174.85795593261718750000000 -2845.44628906250000000000000 620.52416992187500000000000
-174.80053710937500000000000 -2846.51806640625000000000000 620.45983886718750000000000
-174.70254516601562500000000 -2848.34741210937500000000000 620.34820556640625000000000
-174.56915283203125000000000 -2850.83715820312500000000000 620.19641113281250000000000
-174.39727783203125000000000 -2854.04565429687500000000000 620.00500488281250000000000
-174.16148376464843750000000 -2858.44799804687500000000000 619.71502685546875000000000
-174.03518676757812500000000 -2860.80541992187500000000000 619.56799316406250000000000
-173.70695495605468750000000 -2866.93359375000000000000000 619.15032958984375000000000
-173.65110778808593750000000 -2867.97631835937500000000000 619.08203125000000000000000
-173.58682250976562500000000 -2869.17675781250000000000000 618.99816894531250000000000
-173.24429321289062500000000 -2875.57226562500000000000000 618.54864501953125000000000
-173.00740051269531250000000 -2879.99584960937500000000000 618.22106933593750000000000
-172.94476318359375000000000 -2881.16552734375000000000000 618.13403320312500000000000
-172.67640686035156250000000 -2886.17626953125000000000000 617.77221679687500000000000
-172.60076904296875000000000 -2887.58886718750000000000000 617.66796875000000000000000
-172.21360778808593750000000 -2894.81835937500000000000000 617.12774658203125000000000
-172.17594909667968750000000 -2895.52172851562500000000000 617.07446289062500000000000
-172.13031005859375000000000 -2896.37402343750000000000000 617.00628662109375000000000
-171.73481750488281250000000 -2903.75976562500000000000000 616.43762207031250000000000
-171.51113891601562500000000 -2907.93750000000000000000000 616.08935546875000000000000
-171.33471679687500000000000 -2911.23242187500000000000000 615.82171630859375000000000
-171.08186340332031250000000 -2915.95532226562500000000000 615.42810058593750000000000
-170.92108154296875000000000 -2918.95825195312500000000000 615.18017578125000000000000
-170.67056274414062500000000 -2923.63793945312500000000000 614.77337646484375000000000
-170.61280822753906250000000 -2924.71679687500000000000000 614.67944335937500000000000
-170.40733337402343750000000 -2928.55493164062500000000000 614.34954833984375000000000
-170.29679870605468750000000 -2930.61938476562500000000000 614.17132568359375000000000
-169.99969482421875000000000 -2936.16943359375000000000000 613.68054199218750000000000
-169.99490356445312500000000 -2936.25903320312500000000000 613.67272949218750000000000
-169.99223327636718750000000 -2936.30883789062500000000000 613.66821289062500000000000
-169.67137145996093750000000 -2942.30273437500000000000000 613.13848876953125000000000
-169.53431701660156250000000 -2944.86303710937500000000000 612.90576171875000000000000
-169.17054748535156250000000 -2951.65917968750000000000000 612.27081298828125000000000
-169.08280944824218750000000 -2953.29833984375000000000000 612.11688232421875000000000
-168.96629333496093750000000 -2955.47558593750000000000000 611.90240478515625000000000
-168.72459411621093750000000 -2959.99145507812500000000000 611.46850585937500000000000
-168.49903869628906250000000 -2964.20605468750000000000000 611.05151367187500000000000
-168.39688110351562500000000 -2966.11474609375000000000000 610.86413574218750000000000
-168.08424377441406250000000 -2971.95678710937500000000000 610.27600097656250000000000
-168.00692749023437500000000 -2973.40136718750000000000000 610.13250732421875000000000
-167.93080139160156250000000 -2974.82397460937500000000000 609.98626708984375000000000
-167.63107299804687500000000 -2980.42504882812500000000000 609.40484619140625000000000
-167.56903076171875000000000 -2981.58471679687500000000000 609.28570556640625000000000
-167.33914184570312500000000 -2985.88085937500000000000000 608.83477783203125000000000
-167.23432922363281250000000 -2987.83959960937500000000000 608.62768554687500000000000
-167.12835693359375000000000 -2989.82006835937500000000000 608.42004394531250000000000
-166.95835876464843750000000 -2992.99682617187500000000000 608.08416748046875000000000
-166.86068725585937500000000 -2994.82226562500000000000000 607.89361572265625000000000
-166.81637573242187500000000 -2995.65039062500000000000000 607.80541992187500000000000
-166.47256469726562500000000 -3002.07641601562500000000000 607.10076904296875000000000
-166.33560180664062500000000 -3004.63623046875000000000000 606.82220458984375000000000
-166.31620788574218750000000 -3004.99877929687500000000000 606.78051757812500000000000
-166.20080566406250000000000 -3007.15600585937500000000000 606.53100585937500000000000
-165.78625488281250000000000 -3014.90502929687500000000000 605.64312744140625000000000
-165.74282836914062500000000 -3015.71704101562500000000000 605.54785156250000000000000
-165.70950317382812500000000 -3016.33984375000000000000000 605.47332763671875000000000
-165.64671325683593750000000 -3017.51367187500000000000000 605.33502197265625000000000
-165.44894409179687500000000 -3021.21093750000000000000000 604.89648437500000000000000
-165.22560119628906250000000 -3025.38647460937500000000000 604.39709472656250000000000
-165.17010498046875000000000 -3026.42382812500000000000000 604.27453613281250000000000
-165.12068176269531250000000 -3027.34765625000000000000000 604.16284179687500000000000
-164.85130310058593750000000 -3032.38427734375000000000000 603.55261230468750000000000
-164.62376403808593750000000 -3036.63842773437500000000000 603.02978515625000000000000
-164.57489013671875000000000 -3037.55224609375000000000000 602.91644287109375000000000
-164.32511901855468750000000 -3042.22216796875000000000000 602.34216308593750000000000
-164.09870910644531250000000 -3046.45556640625000000000000 601.80285644531250000000000
-164.06971740722656250000000 -3046.99804687500000000000000 601.73278808593750000000000
-163.87475585937500000000000 -3050.64331054687500000000000 601.26757812500000000000000
-163.77171325683593750000000 -3052.57031250000000000000000 601.01971435546875000000000
-163.60662841796875000000000 -3055.65722656250000000000000 600.62164306640625000000000
-163.39463806152343750000000 -3059.62158203125000000000000 600.10272216796875000000000
-163.26307678222656250000000 -3062.08178710937500000000000 599.78247070312500000000000
-163.16227722167968750000000 -3063.96679687500000000000000 599.53430175781250000000000
-162.76541137695312500000000 -3071.38940429687500000000000 598.53723144531250000000000
-162.59848022460937500000000 -3074.51123046875000000000000 598.11181640625000000000000
-162.38415527343750000000000 -3078.52001953125000000000000 597.56658935546875000000000
-162.30288696289062500000000 -3080.04003906250000000000000 597.35443115234375000000000
-161.99090576171875000000000 -3085.87548828125000000000000 596.54486083984375000000000
-161.98805236816406250000000 -3085.92871093750000000000000 596.53741455078125000000000
-161.98437500000000000000000 -3085.99755859375000000000000 596.52764892578125000000000
-161.69802856445312500000000 -3091.35375976562500000000000 595.77539062500000000000000
-161.51786804199218750000000 -3094.72387695312500000000000 595.29187011718750000000000
-161.38552856445312500000000 -3097.19970703125000000000000 594.93780517578125000000000
-161.30317687988281250000000 -3098.74023437500000000000000 594.71228027343750000000000
-160.95954895019531250000000 -3105.16870117187500000000000 593.77355957031250000000000
-160.78845214843750000000000 -3108.36962890625000000000000 593.30200195312500000000000
-160.50671386718750000000000 -3113.64086914062500000000000 592.51806640625000000000000
-160.30821228027343750000000 -3117.35449218750000000000000 591.95983886718750000000000
-160.07145690917968750000000 -3121.78466796875000000000000 591.28607177734375000000000
-159.96469116210937500000000 -3123.78222656250000000000000 590.98266601562500000000000
-159.65957641601562500000000 -3129.49121093750000000000000 590.10955810546875000000000
-159.49838256835937500000000 -3132.50732421875000000000000 589.64678955078125000000000
-159.26734924316406250000000 -3136.83056640625000000000000 588.97985839843750000000000
-159.14248657226562500000000 -3139.16674804687500000000000 588.61779785156250000000000
-159.08883666992187500000000 -3140.17089843750000000000000 588.46179199218750000000000
-159.04197692871093750000000 -3141.04785156250000000000000 588.32196044921875000000000
-158.93359375000000000000000 -3143.07592773437500000000000 587.99920654296875000000000
-158.85729980468750000000000 -3144.50415039062500000000000 587.76953125000000000000000
-158.77810668945312500000000 -3145.98608398437500000000000 587.53088378906250000000000
-158.55632019042968750000000 -3150.13696289062500000000000 586.86181640625000000000000
-158.46141052246093750000000 -3151.91308593750000000000000 586.57354736328125000000000
-158.36981201171875000000000 -3153.62744140625000000000000 586.29766845703125000000000
-158.30751037597656250000000 -3154.79345703125000000000000 586.10693359375000000000000
-158.11979675292968750000000 -3158.30688476562500000000000 585.53009033203125000000000
-157.99470520019531250000000 -3160.64794921875000000000000 585.14782714843750000000000
-157.93774414062500000000000 -3161.71435546875000000000000 584.97149658203125000000000
-157.78492736816406250000000 -3164.57470703125000000000000 584.48962402343750000000000
-157.69572448730468750000000 -3166.24462890625000000000000 584.20391845703125000000000
-157.62547302246093750000000 -3167.55957031250000000000000 583.97717285156250000000000
-157.59002685546875000000000 -3168.22338867187500000000000 583.86431884765625000000000
-157.45219421386718750000000 -3170.80346679687500000000000 583.42132568359375000000000
-157.19926452636718750000000 -3175.53857421875000000000000 582.60772705078125000000000
-157.13401794433593750000000 -3176.75976562500000000000000 582.39593505859375000000000
-156.74543762207031250000000 -3184.03466796875000000000000 581.13580322265625000000000
-156.72323608398437500000000 -3184.45019531250000000000000 581.06335449218750000000000
-156.54135131835937500000000 -3187.85522460937500000000000 580.46722412109375000000000
-156.38710021972656250000000 -3190.74316406250000000000000 579.96215820312500000000000
-156.35237121582031250000000 -3191.39331054687500000000000 579.84747314453125000000000
-156.15962219238281250000000 -3195.00219726562500000000000 579.20996093750000000000000
-156.07032775878906250000000 -3196.67407226562500000000000 578.91149902343750000000000
-155.92788696289062500000000 -3199.34106445312500000000000 578.43560791015625000000000
-155.80369567871093750000000 -3201.66625976562500000000000 578.01721191406250000000000
-155.67807006835937500000000 -3204.01855468750000000000000 577.59326171875000000000000
-155.53211975097656250000000 -3206.75170898437500000000000 577.09570312500000000000000
-155.44067382812500000000000 -3208.46411132812500000000000 576.78405761718750000000000
-155.29644775390625000000000 -3211.16479492187500000000000 576.28784179687500000000000
-155.11430358886718750000000 -3214.57568359375000000000000 575.65832519531250000000000
-154.92134094238281250000000 -3218.18920898437500000000000 574.98901367187500000000000
-154.71348571777343750000000 -3222.08178710937500000000000 574.26397705078125000000000
-154.54922485351562500000000 -3225.15795898437500000000000 573.69097900390625000000000
-154.37065124511718750000000 -3228.50219726562500000000000 573.06317138671875000000000
-154.36753845214843750000000 -3228.56030273437500000000000 573.05230712890625000000000
-154.19819641113281250000000 -3231.73217773437500000000000 572.45050048828125000000000
-154.13055419921875000000000 -3232.99902343750000000000000 572.20941162109375000000000
-153.95387268066406250000000 -3236.30810546875000000000000 571.57702636718750000000000
-153.89147949218750000000000 -3237.47680664062500000000000 571.35180664062500000000000
-153.72387695312500000000000 -3240.61596679687500000000000 570.74603271484375000000000
-153.58746337890625000000000 -3243.17114257812500000000000 570.25030517578125000000000
-153.26245117187500000000000 -3249.25927734375000000000000 569.06579589843750000000000
-153.21278381347656250000000 -3250.18920898437500000000000 568.88439941406250000000000
-153.08261108398437500000000 -3252.62768554687500000000000 568.40765380859375000000000
-152.97636413574218750000000 -3254.61791992187500000000000 568.01751708984375000000000
-152.75444030761718750000000 -3258.77514648437500000000000 567.20013427734375000000000
-152.54928588867187500000000 -3262.61816406250000000000000 566.44055175781250000000000
-152.41658020019531250000000 -3265.10400390625000000000000 565.94519042968750000000000
-152.36515808105468750000000 -3266.06762695312500000000000 565.75384521484375000000000
-152.17703247070312500000000 -3269.59179687500000000000000 565.04718017578125000000000
-152.12754821777343750000000 -3270.51879882812500000000000 564.86169433593750000000000
-151.98182678222656250000000 -3273.24877929687500000000000 564.30944824218750000000000
-151.72103881835937500000000 -3278.13525390625000000000000 563.30993652343750000000000
-151.62808227539062500000000 -3279.87695312500000000000000 562.95251464843750000000000
-151.52241516113281250000000 -3281.85644531250000000000000 562.54425048828125000000000
-151.40527343750000000000000 -3284.05151367187500000000000 562.08813476562500000000000
-151.21154785156250000000000 -3287.68164062500000000000000 561.33074951171875000000000
-151.05360412597656250000000 -3290.64111328125000000000000 560.71142578125000000000000
-150.96687316894531250000000 -3292.26635742187500000000000 560.36956787109375000000000
-150.88595581054687500000000 -3293.78271484375000000000000 560.05029296875000000000000
-150.71252441406250000000000 -3297.03271484375000000000000 559.35894775390625000000000
-150.65255737304687500000000 -3298.15649414062500000000000 559.12011718750000000000000
-150.57052612304687500000000 -3299.69409179687500000000000 558.79028320312500000000000
-150.44015502929687500000000 -3302.13720703125000000000000 558.26300048828125000000000
-150.33538818359375000000000 -3304.10058593750000000000000 557.84149169921875000000000
-150.15939331054687500000000 -3307.39916992187500000000000 557.12530517578125000000000
-150.07855224609375000000000 -3308.91455078125000000000000 556.79620361328125000000000
-149.97912597656250000000000 -3310.77783203125000000000000 556.38836669921875000000000
-149.90322875976562500000000 -3312.20043945312500000000000 556.07666015625000000000000
-149.87048339843750000000000 -3312.81420898437500000000000 555.94042968750000000000000
-149.76818847656250000000000 -3314.73168945312500000000000 555.51684570312500000000000
-149.61824035644531250000000 -3317.54223632812500000000000 554.88702392578125000000000
-149.53289794921875000000000 -3319.14233398437500000000000 554.52746582031250000000000
-149.40226745605468750000000 -3321.59130859375000000000000 553.97222900390625000000000
-149.34609985351562500000000 -3322.64404296875000000000000 553.73406982421875000000000
-149.30252075195312500000000 -3323.46118164062500000000000 553.54577636718750000000000
-149.05448913574218750000000 -3328.11157226562500000000000 552.46392822265625000000000
-148.98718261718750000000000 -3329.37377929687500000000000 552.16870117187500000000000
-148.74827575683593750000000 -3333.85327148437500000000000 551.11334228515625000000000
-148.70933532714843750000000 -3334.58349609375000000000000 550.94116210937500000000000
-148.70054626464843750000000 -3334.74853515625000000000000 550.90228271484375000000000
-148.68344116210937500000000 -3335.06909179687500000000000 550.82641601562500000000000
-148.38183593750000000000000 -3340.72460937500000000000000 549.48681640625000000000000
-148.23014831542968750000000 -3343.56909179687500000000000 548.81048583984375000000000
-148.20471191406250000000000 -3344.04614257812500000000000 548.69659423828125000000000
-148.05827331542968750000000 -3346.79223632812500000000000 548.03613281250000000000000
-147.96162414550781250000000 -3348.60498046875000000000000 547.60052490234375000000000
-147.93522644042968750000000 -3349.09985351562500000000000 547.48101806640625000000000
-147.72715759277343750000000 -3353.00219726562500000000000 546.53356933593750000000000
-147.67370605468750000000000 -3354.00463867187500000000000 546.28851318359375000000000
-147.57159423828125000000000 -3355.91967773437500000000000 545.81872558593750000000000
-147.51416015625000000000000 -3356.99682617187500000000000 545.55291748046875000000000
-147.40310668945312500000000 -3359.07983398437500000000000 545.04345703125000000000000
