-251.73388671875000000000000 -3365.06420898437500000000000 538.54235839843750000000000
-252.04510498046875000000000 -3359.22729492187500000000000 539.96392822265625000000000
-252.09053039550781250000000 -3358.37548828125000000000000 540.17150878906250000000000
-252.10546875000000000000000 -3358.09521484375000000000000 540.23999023437500000000000
-252.46597290039062500000000 -3351.33422851562500000000000 541.88061523437500000000000
-252.66722106933593750000000 -3347.56005859375000000000000 542.79455566406250000000000
-252.81828308105468750000000 -3344.72729492187500000000000 543.47375488281250000000000
-253.10099792480468750000000 -3339.42529296875000000000000 544.74969482421875000000000
-253.37294006347656250000000 -3334.32568359375000000000000 545.96582031250000000000000
-253.58648681640625000000000 -3330.32128906250000000000000 546.91656494140625000000000
-253.75115966796875000000000 -3327.23339843750000000000000 547.64801025390625000000000
-253.86593627929687500000000 -3325.08129882812500000000000 548.14965820312500000000000
-254.16758728027343750000000 -3319.42578125000000000000000 549.46020507812500000000000
-254.26689147949218750000000 -3317.56347656250000000000000 549.89642333984375000000000
-254.37597656250000000000000 -3315.51855468750000000000000 550.36712646484375000000000
-254.65863037109375000000000 -3310.21923828125000000000000 551.58428955078125000000000
-254.99194335937500000000000 -3303.97070312500000000000000 552.99670410156250000000000
-255.10865783691406250000000 -3301.78271484375000000000000 553.49615478515625000000000
-255.14515686035156250000000 -3301.09838867187500000000000 553.65191650390625000000000
-255.24528503417968750000000 -3299.22167968750000000000000 554.07403564453125000000000
-255.60952758789062500000000 -3292.39379882812500000000000 555.59851074218750000000000
-255.62033081054687500000000 -3292.19116210937500000000000 555.64392089843750000000000
-255.63320922851562500000000 -3291.94995117187500000000000 555.69757080078125000000000
-255.88304138183593750000000 -3287.26684570312500000000000 556.73889160156250000000000
-255.99485778808593750000000 -3285.17114257812500000000000 557.20068359375000000000000
-256.00994873046875000000000 -3284.88842773437500000000000 557.26330566406250000000000
-256.09768676757812500000000 -3283.24365234375000000000000 557.62548828125000000000000
-256.38690185546875000000000 -3277.82250976562500000000000 558.82019042968750000000000
-256.42425537109375000000000 -3277.12231445312500000000000 558.97290039062500000000000
-256.46823120117187500000000 -3276.29858398437500000000000 559.15026855468750000000000
-256.94348144531250000000000 -3267.39111328125000000000000 561.09533691406250000000000
-257.14199829101562500000000 -3263.67089843750000000000000 561.89660644531250000000000
-257.37496948242187500000000 -3259.30419921875000000000000 562.84448242187500000000000
-257.48654174804687500000000 -3257.21289062500000000000000 563.30029296875000000000000
-257.80960083007812500000000 -3251.15844726562500000000000 564.59503173828125000000000
-257.84783935546875000000000 -3250.44238281250000000000000 564.74822998046875000000000
-257.90530395507812500000000 -3249.36547851562500000000000 564.97717285156250000000000
-258.18728637695312500000000 -3244.08105468750000000000000 566.10375976562500000000000
-258.24551391601562500000000 -3242.98974609375000000000000 566.33813476562500000000000
-258.31234741210937500000000 -3241.73730468750000000000000 566.60394287109375000000000
-258.51467895507812500000000 -3237.94580078125000000000000 567.40588378906250000000000
-258.65246582031250000000000 -3235.36352539062500000000000 567.95562744140625000000000
-258.73123168945312500000000 -3233.88769531250000000000000 568.26770019531250000000000
-258.93600463867187500000000 -3230.05029296875000000000000 569.08007812500000000000000
-258.94482421875000000000000 -3229.88500976562500000000000 569.11517333984375000000000
-258.94888305664062500000000 -3229.80859375000000000000000 569.13128662109375000000000
-259.22778320312500000000000 -3224.58276367187500000000000 570.23132324218750000000000
-259.57135009765625000000000 -3218.14453125000000000000000 571.57556152343750000000000
-259.59765625000000000000000 -3217.65161132812500000000000 571.67919921875000000000000
-259.62738037109375000000000 -3217.09497070312500000000000 571.79547119140625000000000
-259.93481445312500000000000 -3211.33422851562500000000000 572.99169921875000000000000
-260.04992675781250000000000 -3209.17773437500000000000000 573.43841552734375000000000
-260.19931030273437500000000 -3206.37866210937500000000000 574.01562500000000000000000
-260.29345703125000000000000 -3204.61450195312500000000000 574.37628173828125000000000
-260.46649169921875000000000 -3201.37255859375000000000000 575.04290771484375000000000
-260.49887084960937500000000 -3200.76562500000000000000000 575.16583251953125000000000
-260.59692382812500000000000 -3198.92871093750000000000000 575.53930664062500000000000
-260.73492431640625000000000 -3196.34326171875000000000000 576.06683349609375000000000
-260.80957031250000000000000 -3194.94433593750000000000000 576.35058593750000000000000
-260.99618530273437500000000 -3191.44848632812500000000000 577.05725097656250000000000
-261.08312988281250000000000 -3189.81982421875000000000000 577.38769531250000000000000
-261.18579101562500000000000 -3187.89599609375000000000000 577.77648925781250000000000
-261.29174804687500000000000 -3185.91113281250000000000000 578.17504882812500000000000
-261.41827392578125000000000 -3183.54077148437500000000000 578.65435791015625000000000
-261.52969360351562500000000 -3181.45336914062500000000000 579.07482910156250000000000
-261.61911010742187500000000 -3179.77856445312500000000000 579.40972900390625000000000
-261.75729370117187500000000 -3177.18945312500000000000000 579.92761230468750000000000
-261.85897827148437500000000 -3175.28442382812500000000000 580.30395507812500000000000
-261.97555541992187500000000 -3173.10107421875000000000000 580.73394775390625000000000
-262.09008789062500000000000 -3170.95581054687500000000000 581.15112304687500000000000
-262.16320800781250000000000 -3169.58593750000000000000000 581.41540527343750000000000
-262.30725097656250000000000 -3166.88793945312500000000000 581.93298339843750000000000
-262.48181152343750000000000 -3163.61865234375000000000000 582.55224609375000000000000
-262.52685546875000000000000 -3162.77514648437500000000000 582.71154785156250000000000
-262.59152221679687500000000 -3161.56420898437500000000000 582.93865966796875000000000
-262.80197143554687500000000 -3157.62304687500000000000000 583.67980957031250000000000
-263.00131225585937500000000 -3153.88940429687500000000000 584.37701416015625000000000
-263.05917358398437500000000 -3152.80615234375000000000000 584.58026123046875000000000
-263.10986328125000000000000 -3151.85693359375000000000000 584.75708007812500000000000
-263.30181884765625000000000 -3148.26196289062500000000000 585.42755126953125000000000
-263.39498901367187500000000 -3146.51757812500000000000000 585.75097656250000000000000
-263.64163208007812500000000 -3141.89843750000000000000000 586.60363769531250000000000
-263.70669555664062500000000 -3140.68017578125000000000000 586.82818603515625000000000
-263.78298950195312500000000 -3139.25146484375000000000000 587.08941650390625000000000
-263.97149658203125000000000 -3135.72143554687500000000000 587.73815917968750000000000
-264.18783569335937500000000 -3131.67016601562500000000000 588.47387695312500000000000
-264.32843017578125000000000 -3129.03784179687500000000000 588.95660400390625000000000
-264.36172485351562500000000 -3128.41430664062500000000000 589.06958007812500000000000
-264.40930175781250000000000 -3127.52368164062500000000000 589.22955322265625000000000
-264.51760864257812500000000 -3125.49609375000000000000000 589.58715820312500000000000
-264.54025268554687500000000 -3125.07177734375000000000000 589.66143798828125000000000
-264.66549682617187500000000 -3122.72705078125000000000000 590.06652832031250000000000
-264.72979736328125000000000 -3121.52368164062500000000000 590.27447509765625000000000
-264.83950805664062500000000 -3119.46948242187500000000000 590.62622070312500000000000
-265.10525512695312500000000 -3114.49487304687500000000000 591.47528076171875000000000
-265.36431884765625000000000 -3109.64550781250000000000000 592.30029296875000000000000
-265.38415527343750000000000 -3109.27416992187500000000000 592.36364746093750000000000
-265.39138793945312500000000 -3109.13891601562500000000000 592.38684082031250000000000
-265.40762329101562500000000 -3108.83496093750000000000000 592.43841552734375000000000
-265.71994018554687500000000 -3102.98852539062500000000000 593.42858886718750000000000
-265.80426025390625000000000 -3101.40991210937500000000000 593.69342041015625000000000
-265.92416381835937500000000 -3099.16601562500000000000000 594.06860351562500000000000
-266.01330566406250000000000 -3097.49707031250000000000000 594.34484863281250000000000
-266.13006591796875000000000 -3095.31225585937500000000000 594.70385742187500000000000
-266.20046997070312500000000 -3093.99414062500000000000000 594.91961669921875000000000
-266.27917480468750000000000 -3092.52148437500000000000000 595.15734863281250000000000
-266.36901855468750000000000 -3090.83959960937500000000000 595.42974853515625000000000
-266.42407226562500000000000 -3089.80957031250000000000000 595.59545898437500000000000
-266.96884155273437500000000 -3079.61450195312500000000000 597.22216796875000000000000
-266.99594116210937500000000 -3079.10717773437500000000000 597.30297851562500000000000
-267.17425537109375000000000 -3075.77026367187500000000000 597.82843017578125000000000
-267.27972412109375000000000 -3073.79663085937500000000000 598.14178466796875000000000
-267.36642456054687500000000 -3072.17407226562500000000000 598.39581298828125000000000
-267.49209594726562500000000 -3069.82250976562500000000000 598.76220703125000000000000
-267.59634399414062500000000 -3067.87207031250000000000000 599.06353759765625000000000
-267.68264770507812500000000 -3066.25683593750000000000000 599.31414794921875000000000
-267.88305664062500000000000 -3062.50683593750000000000000 599.89056396484375000000000
-267.89505004882812500000000 -3062.28271484375000000000000 599.92498779296875000000000
-268.12750244140625000000000 -3057.93310546875000000000000 600.59063720703125000000000
-268.13064575195312500000000 -3057.77172851562500000000000 600.61523437500000000000000
-268.13632202148437500000000 -3057.76831054687500000000000 600.61584472656250000000000
-268.30087280273437500000000 -3054.68920898437500000000000 601.08410644531250000000000
-268.51864624023437500000000 -3050.61499023437500000000000 601.69891357421875000000000
-268.58450317382812500000000 -3049.38232421875000000000000 601.88500976562500000000000
-268.66662597656250000000000 -3047.84570312500000000000000 602.11474609375000000000000
-268.71984863281250000000000 -3046.85034179687500000000000 602.26226806640625000000000
-268.81234741210937500000000 -3045.11987304687500000000000 602.51629638671875000000000
-268.89376831054687500000000 -3043.59619140625000000000000 602.74078369140625000000000
-268.92553710937500000000000 -3043.00195312500000000000000 602.82684326171875000000000
-269.03601074218750000000000 -3040.93554687500000000000000 603.12512207031250000000000
-269.33120727539062500000000 -3035.41381835937500000000000 603.90802001953125000000000
-269.33462524414062500000000 -3035.34985351562500000000000 603.91705322265625000000000
-269.33990478515625000000000 -3035.25122070312500000000000 603.93090820312500000000000
-269.76147460937500000000000 -3027.36523437500000000000000 605.04168701171875000000000
-269.86859130859375000000000 -3025.36157226562500000000000 605.32354736328125000000000
-270.04815673828125000000000 -3022.00268554687500000000000 605.79382324218750000000000
-270.11798095703125000000000 -3020.69677734375000000000000 605.97711181640625000000000
-270.15429687500000000000000 -3020.01757812500000000000000 606.07135009765625000000000
-270.17739868164062500000000 -3019.58544921875000000000000 606.13049316406250000000000
-270.42895507812500000000000 -3014.88085937500000000000000 606.76879882812500000000000
-270.50027465820312500000000 -3013.54711914062500000000000 606.94622802734375000000000
-270.61380004882812500000000 -3011.42382812500000000000000 607.22070312500000000000000
-270.70388793945312500000000 -3009.73974609375000000000000 607.43920898437500000000000
-270.81869506835937500000000 -3007.59277343750000000000000 607.71093750000000000000000
-270.84930419921875000000000 -3007.02050781250000000000000 607.78228759765625000000000
-270.91357421875000000000000 -3005.81860351562500000000000 607.92864990234375000000000
-271.09066772460937500000000 -3002.50756835937500000000000 608.33673095703125000000000
-271.23696899414062500000000 -2999.77221679687500000000000 608.67285156250000000000000
-271.52661132812500000000000 -2994.35693359375000000000000 609.33789062500000000000000
-271.57159423828125000000000 -2993.51562500000000000000000 609.44067382812500000000000
-271.86151123046875000000000 -2988.09545898437500000000000 610.09832763671875000000000
-272.12048339843750000000000 -2983.25390625000000000000000 610.68890380859375000000000
-272.38214111328125000000000 -2978.36181640625000000000000 611.28527832031250000000000
-272.73587036132812500000000 -2971.74829101562500000000000 612.09576416015625000000000
-272.81329345703125000000000 -2970.30102539062500000000000 612.27050781250000000000000
-272.87948608398437500000000 -2969.06323242187500000000000 612.42053222656250000000000
-273.16867065429687500000000 -2963.65625000000000000000000 613.08422851562500000000000
-273.22976684570312500000000 -2962.51416015625000000000000 613.22375488281250000000000
-273.33081054687500000000000 -2960.62500000000000000000000 613.45019531250000000000000
-273.39788818359375000000000 -2959.37084960937500000000000 613.59460449218750000000000
-273.60324096679687500000000 -2955.53271484375000000000000 614.03771972656250000000000
-273.66390991210937500000000 -2954.39819335937500000000000 614.16687011718750000000000
-273.85205078125000000000000 -2950.88134765625000000000000 614.57098388671875000000000
-273.99490356445312500000000 -2948.21166992187500000000000 614.86700439453125000000000
-274.06176757812500000000000 -2946.96166992187500000000000 615.00476074218750000000000
-274.33279418945312500000000 -2941.89624023437500000000000 615.55267333984375000000000
-274.46582031250000000000000 -2939.41015625000000000000000 615.81951904296875000000000
-274.75720214843750000000000 -2933.96484375000000000000000 616.39941406250000000000000
-274.90380859375000000000000 -2931.22436523437500000000000 616.69012451171875000000000
-275.07702636718750000000000 -2927.98754882812500000000000 617.02728271484375000000000
-275.13497924804687500000000 -2926.90502929687500000000000 617.13873291015625000000000
-275.55065917968750000000000 -2919.13671875000000000000000 617.93933105468750000000000
-275.55902099609375000000000 -2918.98046875000000000000000 617.95550537109375000000000
-275.56445312500000000000000 -2918.87890625000000000000000 617.96588134765625000000000
-275.58078002929687500000000 -2918.57397460937500000000000 617.99682617187500000000000
-275.95242309570312500000000 -2911.62939453125000000000000 618.70141601562500000000000
-276.22158813476562500000000 -2906.59985351562500000000000 619.19891357421875000000000
-276.32119750976562500000000 -2904.73852539062500000000000 619.38293457031250000000000
-276.43472290039062500000000 -2902.61694335937500000000000 619.59545898437500000000000
-276.64147949218750000000000 -2898.75390625000000000000000 619.97491455078125000000000
-276.74935913085937500000000 -2896.73803710937500000000000 620.17584228515625000000000
-276.77517700195312500000000 -2896.25585937500000000000000 620.22149658203125000000000
-276.87075805664062500000000 -2894.46997070312500000000000 620.38757324218750000000000
-277.00540161132812500000000 -2891.95483398437500000000000 620.61822509765625000000000
-277.12396240234375000000000 -2889.73974609375000000000000 620.81884765625000000000000
-277.18255615234375000000000 -2888.64501953125000000000000 620.91937255859375000000000
-277.36062622070312500000000 -2885.31884765625000000000000 621.21813964843750000000000
-277.60842895507812500000000 -2880.68969726562500000000000 621.62591552734375000000000
-277.63510131835937500000000 -2880.19165039062500000000000 621.67071533203125000000000
-277.65908813476562500000000 -2879.74340820312500000000000 621.70819091796875000000000
-278.00735473632812500000000 -2873.23828125000000000000000 622.26733398437500000000000
-278.04132080078125000000000 -2872.60351562500000000000000 622.32037353515625000000000
-278.32632446289062500000000 -2867.28027343750000000000000 622.77484130859375000000000
-278.39959716796875000000000 -2865.91186523437500000000000 622.89050292968750000000000
-278.56781005859375000000000 -2862.76928710937500000000000 623.16619873046875000000000
-278.59942626953125000000000 -2862.17919921875000000000000 623.21734619140625000000000
-278.61502075195312500000000 -2861.88793945312500000000000 623.24206542968750000000000
-278.74795532226562500000000 -2859.40454101562500000000000 623.44488525390625000000000
-278.79949951171875000000000 -2858.44238281250000000000000 623.51739501953125000000000
-278.89260864257812500000000 -2856.70361328125000000000000 623.65539550781250000000000
-279.14791870117187500000000 -2851.93530273437500000000000 624.03314208984375000000000
-279.28652954101562500000000 -2849.34619140625000000000000 624.25286865234375000000000
-279.56887817382812500000000 -2844.07299804687500000000000 624.68768310546875000000000
-279.61441040039062500000000 -2843.22216796875000000000000 624.75701904296875000000000
-279.68728637695312500000000 -2841.86108398437500000000000 624.86859130859375000000000
-279.96728515625000000000000 -2836.63183593750000000000000 625.29583740234375000000000
-280.05667114257812500000000 -2834.96191406250000000000000 625.43353271484375000000000
-280.24676513671875000000000 -2831.41186523437500000000000 625.71929931640625000000000
-280.34930419921875000000000 -2829.49682617187500000000000 625.87426757812500000000000
-280.46502685546875000000000 -2827.33544921875000000000000 626.04254150390625000000000
-280.55545043945312500000000 -2825.64697265625000000000000 626.17474365234375000000000
-280.63983154296875000000000 -2824.07128906250000000000000 626.29541015625000000000000
-280.72531127929687500000000 -2822.47509765625000000000000 626.41546630859375000000000
-280.86053466796875000000000 -2819.94995117187500000000000 626.59893798828125000000000
-280.93319702148437500000000 -2818.59277343750000000000000 626.69689941406250000000000
-281.16140747070312500000000 -2814.33251953125000000000000 626.99188232421875000000000
-281.16516113281250000000000 -2814.26220703125000000000000 626.99676513671875000000000
-281.16555786132812500000000 -2814.25463867187500000000000 626.99725341796875000000000
-281.44418334960937500000000 -2809.05249023437500000000000 627.34912109375000000000000
-281.45111083984375000000000 -2808.92358398437500000000000 627.35760498046875000000000
-281.66729736328125000000000 -2804.88720703125000000000000 627.61834716796875000000000
-281.69760131835937500000000 -2804.32153320312500000000000 627.65429687500000000000000
-281.74276733398437500000000 -2803.47827148437500000000000 627.70880126953125000000000
-281.99618530273437500000000 -2798.74755859375000000000000 628.01141357421875000000000
-282.30618286132812500000000 -2792.96044921875000000000000 628.37457275390625000000000
-282.35577392578125000000000 -2792.03491210937500000000000 628.43225097656250000000000
-282.52819824218750000000000 -2788.81640625000000000000000 628.62707519531250000000000
-282.57730102539062500000000 -2787.89941406250000000000000 628.68103027343750000000000
-282.90371704101562500000000 -2781.80639648437500000000000 629.04803466796875000000000
-282.91375732421875000000000 -2781.61938476562500000000000 629.05920410156250000000000
-282.91558837890625000000000 -2781.58520507812500000000000 629.06121826171875000000000
-283.02563476562500000000000 -2779.53100585937500000000000 629.17828369140625000000000
-283.05993652343750000000000 -2778.89062500000000000000000 629.21429443359375000000000
-283.22781372070312500000000 -2775.75756835937500000000000 629.38781738281250000000000
-283.36636352539062500000000 -2773.17138671875000000000000 629.52825927734375000000000
-283.44384765625000000000000 -2771.72509765625000000000000 629.60876464843750000000000
-283.50790405273437500000000 -2770.52978515625000000000000 629.67321777343750000000000
-283.56719970703125000000000 -2769.42309570312500000000000 629.73516845703125000000000
-283.60745239257812500000000 -2768.67163085937500000000000 629.77514648437500000000000
-283.80685424804687500000000 -2764.95019531250000000000000 629.97344970703125000000000
-283.84521484375000000000000 -2764.23437500000000000000000 630.01123046875000000000000
-283.89703369140625000000000 -2763.26684570312500000000000 630.06158447265625000000000
-284.16979980468750000000000 -2758.17651367187500000000000 630.32458496093750000000000
-284.29421997070312500000000 -2755.85424804687500000000000 630.44421386718750000000000
-284.30676269531250000000000 -2755.62060546875000000000000 630.45605468750000000000000
-284.52624511718750000000000 -2751.52465820312500000000000 630.65960693359375000000000
-284.57992553710937500000000 -2750.52270507812500000000000 630.70709228515625000000000
-284.85263061523437500000000 -2745.43432617187500000000000 630.94573974609375000000000
-284.86843872070312500000000 -2745.13940429687500000000000 630.95959472656250000000000
-285.09356689453125000000000 -2740.93847656250000000000000 631.14715576171875000000000
-285.24203491210937500000000 -2738.16796875000000000000000 631.26873779296875000000000
-285.29708862304687500000000 -2737.14086914062500000000000 631.31457519531250000000000
-285.34814453125000000000000 -2736.18823242187500000000000 631.35424804687500000000000
-285.55618286132812500000000 -2732.30664062500000000000000 631.52850341796875000000000
-285.62396240234375000000000 -2731.04199218750000000000000 631.58453369140625000000000
-285.67886352539062500000000 -2730.01708984375000000000000 631.62994384765625000000000
-285.80499267578125000000000 -2727.66381835937500000000000 631.73278808593750000000000
-285.93197631835937500000000 -2725.29467773437500000000000 631.82965087890625000000000
-285.94683837890625000000000 -2725.01708984375000000000000 631.84063720703125000000000
-285.95361328125000000000000 -2724.89086914062500000000000 631.84582519531250000000000
-285.96539306640625000000000 -2724.67114257812500000000000 631.85522460937500000000000
-286.08950805664062500000000 -2722.35546875000000000000000 631.94989013671875000000000
-286.20623779296875000000000 -2720.17773437500000000000000 632.03234863281250000000000
-286.29031372070312500000000 -2718.60913085937500000000000 632.09027099609375000000000
-286.31469726562500000000000 -2718.15454101562500000000000 632.10614013671875000000000
-286.51562500000000000000000 -2714.40600585937500000000000 632.23986816406250000000000
-286.54830932617187500000000 -2713.79687500000000000000000 632.25982666015625000000000
-286.58435058593750000000000 -2713.12426757812500000000000 632.28399658203125000000000
-286.85781860351562500000000 -2708.02221679687500000000000 632.47546386718750000000000
-286.86273193359375000000000 -2707.93066406250000000000000 632.47888183593750000000000
-286.95449829101562500000000 -2706.21875000000000000000000 632.53894042968750000000000
-287.14498901367187500000000 -2702.66552734375000000000000 632.66790771484375000000000
-287.30090332031250000000000 -2699.75659179687500000000000 632.77197265625000000000000
-287.37854003906250000000000 -2698.30834960937500000000000 632.82623291015625000000000
-287.56814575195312500000000 -2694.77099609375000000000000 632.95550537109375000000000
-287.63757324218750000000000 -2693.47583007812500000000000 632.99981689453125000000000
-287.95019531250000000000000 -2687.64453125000000000000000 633.19659423828125000000000
-287.96878051757812500000000 -2687.29760742187500000000000 633.20898437500000000000000
-288.01107788085937500000000 -2686.50854492187500000000000 633.23370361328125000000000
-288.10476684570312500000000 -2684.76098632812500000000000 633.28588867187500000000000
-288.29428100585937500000000 -2681.22631835937500000000000 633.38903808593750000000000
-288.29919433593750000000000 -2681.13476562500000000000000 633.39166259765625000000000
-288.46148681640625000000000 -2678.10791015625000000000000 633.47149658203125000000000
-288.48669433593750000000000 -2677.63769531250000000000000 633.48388671875000000000000
-288.79986572265625000000000 -2671.79687500000000000000000 633.63812255859375000000000
-288.80755615234375000000000 -2671.65332031250000000000000 633.64196777343750000000000
-288.81384277343750000000000 -2671.53613281250000000000000 633.64483642578125000000000
-289.02890014648437500000000 -2667.52563476562500000000000 633.74353027343750000000000
-289.10064697265625000000000 -2666.18725585937500000000000 633.77539062500000000000000
-289.19454956054687500000000 -2664.43627929687500000000000 633.81518554687500000000000
-289.28417968750000000000000 -2662.76464843750000000000000 633.85241699218750000000000
-289.41262817382812500000000 -2660.36938476562500000000000 633.90472412109375000000000
-289.50814819335937500000000 -2658.58789062500000000000000 633.94262695312500000000000
-289.70727539062500000000000 -2654.87500000000000000000000 634.01770019531250000000000
-289.91357421875000000000000 -2651.02783203125000000000000 634.09454345703125000000000
-289.96337890625000000000000 -2650.09887695312500000000000 634.11224365234375000000000
-290.14508056640625000000000 -2646.71093750000000000000000 634.17016601562500000000000
-290.15917968750000000000000 -2646.44824218750000000000000 634.17468261718750000000000
-290.18334960937500000000000 -2645.99731445312500000000000 634.18121337890625000000000
-290.43566894531250000000000 -2641.29345703125000000000000 634.24652099609375000000000
-290.47314453125000000000000 -2640.59448242187500000000000 634.25592041015625000000000
-290.57785034179687500000000 -2638.64233398437500000000000 634.28643798828125000000000
-290.70162963867187500000000 -2636.33447265625000000000000 634.32141113281250000000000
-290.74603271484375000000000 -2635.50659179687500000000000 634.33312988281250000000000
-290.90563964843750000000000 -2632.53051757812500000000000 634.37127685546875000000000
-291.02896118164062500000000 -2630.23168945312500000000000 634.39849853515625000000000
-291.10620117187500000000000 -2628.79150390625000000000000 634.41394042968750000000000
-291.14544677734375000000000 -2628.06005859375000000000000 634.41864013671875000000000
-291.25097656250000000000000 -2626.09277343750000000000000 634.43493652343750000000000
-291.31649780273437500000000 -2624.87133789062500000000000 634.44323730468750000000000
-291.36480712890625000000000 -2623.97070312500000000000000 634.45208740234375000000000
-291.54663085937500000000000 -2620.58129882812500000000000 634.47869873046875000000000
-291.62225341796875000000000 -2619.17163085937500000000000 634.49230957031250000000000
-291.71737670898437500000000 -2617.39794921875000000000000 634.50616455078125000000000
-291.85604858398437500000000 -2614.81298828125000000000000 634.52380371093750000000000
-291.94589233398437500000000 -2613.13867187500000000000000 634.53216552734375000000000
-292.04455566406250000000000 -2611.29931640625000000000000 634.53881835937500000000000
-292.30383300781250000000000 -2606.46630859375000000000000 634.56414794921875000000000
-292.33969116210937500000000 -2605.79760742187500000000000 634.56762695312500000000000
-292.38644409179687500000000 -2604.92602539062500000000000 634.57409667968750000000000
-292.54418945312500000000000 -2601.98583984375000000000000 634.59173583984375000000000
-292.64279174804687500000000 -2600.14794921875000000000000 634.60327148437500000000000
-292.67782592773437500000000 -2599.49462890625000000000000 634.60650634765625000000000
-292.76269531250000000000000 -2597.91259765625000000000000 634.61395263671875000000000
-292.80477905273437500000000 -2597.12841796875000000000000 634.61572265625000000000000
-292.99575805664062500000000 -2593.56909179687500000000000 634.61138916015625000000000
-293.03399658203125000000000 -2592.85620117187500000000000 634.60986328125000000000000
-293.10870361328125000000000 -2591.46411132812500000000000 634.60845947265625000000000
-293.23895263671875000000000 -2589.03637695312500000000000 634.60272216796875000000000
-293.33084106445312500000000 -2587.32397460937500000000000 634.60479736328125000000000
-293.36053466796875000000000 -2586.77050781250000000000000 634.60467529296875000000000
-293.38339233398437500000000 -2586.34448242187500000000000 634.60314941406250000000000
-293.45547485351562500000000 -2585.00097656250000000000000 634.59375000000000000000000
-293.52740478515625000000000 -2583.66088867187500000000000 634.58331298828125000000000
-293.62484741210937500000000 -2581.84521484375000000000000 634.56164550781250000000000
-293.67443847656250000000000 -2580.92138671875000000000000 634.55187988281250000000000
-293.89050292968750000000000 -2576.89575195312500000000000 634.49884033203125000000000
-294.16012573242187500000000 -2571.87133789062500000000000 634.45904541015625000000000
-294.37237548828125000000000 -2567.91601562500000000000000 634.43005371093750000000000
-294.65307617187500000000000 -2562.68554687500000000000000 634.38916015625000000000000
-294.92547607421875000000000 -2557.60961914062500000000000 634.36010742187500000000000
-295.22842407226562500000000 -2551.96386718750000000000000 634.32562255859375000000000
-295.34588623046875000000000 -2549.77490234375000000000000 634.31842041015625000000000
-295.40292358398437500000000 -2548.71166992187500000000000 634.31726074218750000000000
-295.48260498046875000000000 -2547.22705078125000000000000 634.30462646484375000000000
-295.58322143554687500000000 -2545.35205078125000000000000 634.28588867187500000000000
-295.65750122070312500000000 -2543.96826171875000000000000 634.26763916015625000000000
-295.76824951171875000000000 -2541.90478515625000000000000 634.23919677734375000000000
-295.93554687500000000000000 -2538.78784179687500000000000 634.19696044921875000000000
-296.05108642578125000000000 -2536.63500976562500000000000 634.16998291015625000000000
-296.23748779296875000000000 -2533.16186523437500000000000 634.13043212890625000000000
-296.39028930664062500000000 -2530.31494140625000000000000 634.09240722656250000000000
-296.46218872070312500000000 -2528.97534179687500000000000 634.07751464843750000000000
-296.47412109375000000000000 -2528.75292968750000000000000 634.07440185546875000000000
-296.54113769531250000000000 -2527.50439453125000000000000 634.04852294921875000000000
-296.57873535156250000000000 -2526.80419921875000000000000 634.03656005859375000000000
-296.64657592773437500000000 -2525.54052734375000000000000 634.01196289062500000000000
-296.73947143554687500000000 -2523.81005859375000000000000 633.97827148437500000000000
-296.83410644531250000000000 -2522.04711914062500000000000 633.94372558593750000000000
-297.01266479492187500000000 -2518.72094726562500000000000 633.87542724609375000000000
-297.04824829101562500000000 -2518.05786132812500000000000 633.85961914062500000000000
-297.29635620117187500000000 -2513.43603515625000000000000 633.76776123046875000000000
-297.29772949218750000000000 -2513.41088867187500000000000 633.76727294921875000000000
-297.29849243164062500000000 -2513.39624023437500000000000 633.76690673828125000000000
-297.48364257812500000000000 -2509.94726562500000000000000 633.69036865234375000000000
-297.64047241210937500000000 -2507.02636718750000000000000 633.62152099609375000000000
-297.70440673828125000000000 -2505.83520507812500000000000 633.59448242187500000000000
-297.73632812500000000000000 -2505.24096679687500000000000 633.58044433593750000000000
-297.94680786132812500000000 -2501.32031250000000000000000 633.48193359375000000000000
-298.15716552734375000000000 -2497.40209960937500000000000 633.38323974609375000000000
-298.19866943359375000000000 -2496.62939453125000000000000 633.36322021484375000000000
-298.38812255859375000000000 -2493.10058593750000000000000 633.27307128906250000000000
-298.52981567382812500000000 -2490.46118164062500000000000 633.20666503906250000000000
-298.55435180664062500000000 -2490.00415039062500000000000 633.19360351562500000000000
-298.57614135742187500000000 -2489.59863281250000000000000 633.18121337890625000000000
-298.61495971679687500000000 -2488.87573242187500000000000 633.16156005859375000000000
-298.83563232421875000000000 -2484.76538085937500000000000 633.05249023437500000000000
-298.93035888671875000000000 -2483.00146484375000000000000 633.00500488281250000000000
-299.09164428710937500000000 -2479.99707031250000000000000 632.92828369140625000000000
-300.41723632812500000000000 -2483.73339843750000000000000 633.06054687500000000000000
-300.60186767578125000000000 -2480.29492187500000000000000 632.97161865234375000000000
-300.60302734375000000000000 -2480.27294921875000000000000 632.97100830078125000000000
-300.60366821289062500000000 -2480.26098632812500000000000 632.97070312500000000000000
-300.70321655273437500000000 -2478.40698242187500000000000 632.92071533203125000000000
-299.09454345703125000000000 -2479.94335937500000000000000 632.92687988281250000000000
-299.26248168945312500000000 -2476.81518554687500000000000 632.83734130859375000000000
-299.37103271484375000000000 -2474.79394531250000000000000 632.77624511718750000000000
-299.49163818359375000000000 -2472.54760742187500000000000 632.70452880859375000000000
-299.66040039062500000000000 -2469.40527343750000000000000 632.59613037109375000000000
-299.66586303710937500000000 -2469.30371093750000000000000 632.59259033203125000000000
-299.67483520507812500000000 -2469.13623046875000000000000 632.58660888671875000000000
-300.04080200195312500000000 -2462.32202148437500000000000 632.33770751953125000000000
-300.17034912109375000000000 -2459.90966796875000000000000 632.24957275390625000000000
-300.17349243164062500000000 -2459.85083007812500000000000 632.24737548828125000000000
-300.17849731445312500000000 -2459.75781250000000000000000 632.24383544921875000000000
-300.43594360351562500000000 -2454.96435546875000000000000 632.06042480468750000000000
-300.53625488281250000000000 -2453.09667968750000000000000 631.98419189453125000000000
-300.73666381835937500000000 -2449.36523437500000000000000 631.82659912109375000000000
-300.79766845703125000000000 -2448.22949218750000000000000 631.77655029296875000000000
-301.00015258789062500000000 -2444.45996093750000000000000 631.61193847656250000000000
-301.05178833007812500000000 -2443.49877929687500000000000 631.56976318359375000000000
-301.09085083007812500000000 -2442.77148437500000000000000 631.53869628906250000000000
-301.30758666992187500000000 -2438.73681640625000000000000 631.35845947265625000000000
-301.46432495117187500000000 -2435.81835937500000000000000 631.23101806640625000000000
-301.55551147460937500000000 -2434.12084960937500000000000 631.15423583984375000000000
-301.68572998046875000000000 -2431.69677734375000000000000 631.04089355468750000000000
-301.75592041015625000000000 -2430.39038085937500000000000 630.97955322265625000000000
-301.85507202148437500000000 -2428.54467773437500000000000 630.89538574218750000000000
-301.87152099609375000000000 -2428.23803710937500000000000 630.88055419921875000000000
-302.00091552734375000000000 -2425.82983398437500000000000 630.76458740234375000000000
-302.02627563476562500000000 -2425.35766601562500000000000 630.74108886718750000000000
-302.06042480468750000000000 -2424.72167968750000000000000 630.70996093750000000000000
-302.23513793945312500000000 -2421.46948242187500000000000 630.54772949218750000000000
-302.26242065429687500000000 -2420.96166992187500000000000 630.52465820312500000000000
-302.42785644531250000000000 -2417.88208007812500000000000 630.37121582031250000000000
-302.42849731445312500000000 -2417.87060546875000000000000 630.37060546875000000000000
-302.42926025390625000000000 -2417.85595703125000000000000 630.36981201171875000000000
-302.56851196289062500000000 -2415.26440429687500000000000 630.22308349609375000000000
-302.66241455078125000000000 -2413.51660156250000000000000 630.12554931640625000000000
-302.85925292968750000000000 -2409.85327148437500000000000 629.91497802734375000000000
-303.22467041015625000000000 -2403.05273437500000000000000 629.53479003906250000000000
-303.30511474609375000000000 -2401.55541992187500000000000 629.44921875000000000000000
-303.34869384765625000000000 -2400.74462890625000000000000 629.40423583984375000000000
-303.50848388671875000000000 -2397.77075195312500000000000 629.23760986328125000000000
-303.60815429687500000000000 -2395.91528320312500000000000 629.13360595703125000000000
-303.63250732421875000000000 -2395.46240234375000000000000 629.10656738281250000000000
-303.79440307617187500000000 -2392.44946289062500000000000 628.92260742187500000000000
-303.95822143554687500000000 -2389.40112304687500000000000 628.73095703125000000000000
-304.42745971679687500000000 -2380.66967773437500000000000 628.18743896484375000000000
-304.50228881835937500000000 -2379.27709960937500000000000 628.10070800781250000000000
-304.54556274414062500000000 -2378.47167968750000000000000 628.05029296875000000000000
-304.67425537109375000000000 -2376.07690429687500000000000 627.90301513671875000000000
-305.10360717773437500000000 -2368.08740234375000000000000 627.40399169921875000000000
-305.47778320312500000000000 -2361.12475585937500000000000 626.96820068359375000000000
-305.60705566406250000000000 -2358.71923828125000000000000 626.81524658203125000000000
-305.80688476562500000000000 -2355.00097656250000000000000 626.58087158203125000000000
-305.94686889648437500000000 -2352.39624023437500000000000 626.41467285156250000000000
-306.10772705078125000000000 -2349.40332031250000000000000 626.21850585937500000000000
-306.18145751953125000000000 -2348.03125000000000000000000 626.12738037109375000000000
-306.25811767578125000000000 -2346.60522460937500000000000 626.03137207031250000000000
-306.36553955078125000000000 -2344.60644531250000000000000 625.89434814453125000000000
-306.41824340820312500000000 -2343.62573242187500000000000 625.82763671875000000000000
-306.45046997070312500000000 -2343.02636718750000000000000 625.78521728515625000000000
-306.49560546875000000000000 -2342.18701171875000000000000 625.71563720703125000000000
-306.95458984375000000000000 -2333.64770507812500000000000 625.09912109375000000000000
-307.00329589843750000000000 -2332.74169921875000000000000 625.03344726562500000000000
-307.02609252929687500000000 -2332.31811523437500000000000 625.00231933593750000000000
-307.15603637695312500000000 -2329.90063476562500000000000 624.82263183593750000000000
-307.47528076171875000000000 -2323.96166992187500000000000 624.38403320312500000000000
-307.52355957031250000000000 -2323.06347656250000000000000 624.31555175781250000000000
-307.60104370117187500000000 -2321.62231445312500000000000 624.19952392578125000000000
-307.84396362304687500000000 -2317.10400390625000000000000 623.84527587890625000000000
-308.11819458007812500000000 -2312.00341796875000000000000 623.42846679687500000000000
-308.17544555664062500000000 -2310.93847656250000000000000 623.33972167968750000000000
-308.22134399414062500000000 -2310.08496093750000000000000 623.26892089843750000000000
-308.42825317382812500000000 -2306.23706054687500000000000 622.94799804687500000000000
-308.72290039062500000000000 -2300.75732421875000000000000 622.47467041015625000000000
-308.73513793945312500000000 -2300.53002929687500000000000 622.45501708984375000000000
-308.74060058593750000000000 -2300.42822265625000000000000 622.44622802734375000000000
-308.75006103515625000000000 -2300.25195312500000000000000 622.43103027343750000000000
-309.28836059570312500000000 -2290.24169921875000000000000 621.56494140625000000000000
-309.57992553710937500000000 -2284.81933593750000000000000 621.11132812500000000000000
-309.64648437500000000000000 -2283.58129882812500000000000 621.00604248046875000000000
-309.90924072265625000000000 -2278.69482421875000000000000 620.59033203125000000000000
-309.96459960937500000000000 -2277.66479492187500000000000 620.50592041015625000000000
-310.13903808593750000000000 -2274.42114257812500000000000 620.22174072265625000000000
-310.16992187500000000000000 -2273.84667968750000000000000 620.17425537109375000000000
-310.19195556640625000000000 -2273.43701171875000000000000 620.13427734375000000000000
-310.25421142578125000000000 -2272.27954101562500000000000 620.02691650390625000000000
-310.46453857421875000000000 -2268.36865234375000000000000 619.66485595703125000000000
-310.59167480468750000000000 -2266.00463867187500000000000 619.44775390625000000000000
-310.79110717773437500000000 -2262.29663085937500000000000 619.10180664062500000000000
-310.81359863281250000000000 -2261.87817382812500000000000 619.06219482421875000000000
-310.88739013671875000000000 -2260.50659179687500000000000 618.92846679687500000000000
-311.05505371093750000000000 -2257.38916015625000000000000 618.62390136718750000000000
-311.10903930664062500000000 -2256.38549804687500000000000 618.52484130859375000000000
-311.38757324218750000000000 -2251.20751953125000000000000 618.01049804687500000000000
-311.60787963867187500000000 -2247.11157226562500000000000 617.61712646484375000000000
-311.72271728515625000000000 -2244.97656250000000000000000 617.41076660156250000000000
-311.79229736328125000000000 -2243.68310546875000000000000 617.28302001953125000000000
-312.05923461914062500000000 -2238.71948242187500000000000 616.80883789062500000000000
-312.08398437500000000000000 -2238.25952148437500000000000 616.76446533203125000000000
-312.10040283203125000000000 -2237.95458984375000000000000 616.73712158203125000000000
-312.11172485351562500000000 -2237.74414062500000000000000 616.71820068359375000000000
-312.12701416015625000000000 -2237.45971679687500000000000 616.68823242187500000000000
-312.22662353515625000000000 -2235.60766601562500000000000 616.50805664062500000000000
-312.25189208984375000000000 -2235.13793945312500000000000 616.46179199218750000000000
-312.31619262695312500000000 -2233.94287109375000000000000 616.33996582031250000000000
-312.37985229492187500000000 -2232.75927734375000000000000 616.22155761718750000000000
-312.40084838867187500000000 -2232.36889648437500000000000 616.18646240234375000000000
-312.46905517578125000000000 -2231.10107421875000000000000 616.04852294921875000000000
-312.48434448242187500000000 -2230.81665039062500000000000 616.01849365234375000000000
-312.56845092773437500000000 -2229.25366210937500000000000 615.83843994140625000000000
-312.61727905273437500000000 -2228.34643554687500000000000 615.73779296875000000000000
-312.78164672851562500000000 -2225.29174804687500000000000 615.39544677734375000000000
-312.79089355468750000000000 -2225.12011718750000000000000 615.37603759765625000000000
-313.05880737304687500000000 -2220.14086914062500000000000 614.82269287109375000000000
-313.07388305664062500000000 -2219.86035156250000000000000 614.79174804687500000000000
-313.09194946289062500000000 -2219.52465820312500000000000 614.75537109375000000000000
-313.42126464843750000000000 -2213.40380859375000000000000 614.08294677734375000000000
-313.50933837890625000000000 -2211.76708984375000000000000 613.90313720703125000000000
-313.78601074218750000000000 -2206.62524414062500000000000 613.33197021484375000000000
-313.78939819335937500000000 -2206.56201171875000000000000 613.32495117187500000000000
-313.79196166992187500000000 -2206.51464843750000000000000 613.31951904296875000000000
-314.07687377929687500000000 -2201.21948242187500000000000 612.72119140625000000000000
-314.31195068359375000000000 -2196.85107421875000000000000 612.23101806640625000000000
-314.38101196289062500000000 -2195.56762695312500000000000 612.08605957031250000000000
-314.76437377929687500000000 -2188.44311523437500000000000 611.27343750000000000000000
-314.85479736328125000000000 -2186.76269531250000000000000 611.08251953125000000000000
-314.94812011718750000000000 -2185.02832031250000000000000 610.88232421875000000000000
-315.33428955078125000000000 -2177.85229492187500000000000 610.04736328125000000000000
-315.53997802734375000000000 -2174.03027343750000000000000 609.59881591796875000000000
-315.69638061523437500000000 -2171.12426757812500000000000 609.25518798828125000000000
-315.79388427734375000000000 -2169.31225585937500000000000 609.03961181640625000000000
-315.95486450195312500000000 -2166.32080078125000000000000 608.67858886718750000000000
-315.98266601562500000000000 -2165.80468750000000000000000 608.61584472656250000000000
-316.00466918945312500000000 -2165.39550781250000000000000 608.56494140625000000000000
-316.18835449218750000000000 -2161.98291015625000000000000 608.14373779296875000000000
-316.37869262695312500000000 -2158.44702148437500000000000 607.70031738281250000000000
-316.40704345703125000000000 -2157.92041015625000000000000 607.63409423828125000000000
-316.49957275390625000000000 -2156.20141601562500000000000 607.41680908203125000000000
-316.71215820312500000000000 -2152.25170898437500000000000 606.91729736328125000000000
-316.79547119140625000000000 -2150.70385742187500000000000 606.72174072265625000000000
-316.89364624023437500000000 -2148.88012695312500000000000 606.48901367187500000000000
-316.99981689453125000000000 -2146.90795898437500000000000 606.23059082031250000000000
-317.10739135742187500000000 -2144.90942382812500000000000 605.96948242187500000000000
-317.14495849609375000000000 -2144.21215820312500000000000 605.87457275390625000000000
-317.25393676757812500000000 -2142.18774414062500000000000 605.60461425781250000000000
-317.34567260742187500000000 -2140.48388671875000000000000 605.37042236328125000000000
-317.50836181640625000000000 -2137.46240234375000000000000 604.95916748046875000000000
-317.62301635742187500000000 -2135.33251953125000000000000 604.66900634765625000000000
-317.92047119140625000000000 -2129.80810546875000000000000 603.90679931640625000000000
-318.15655517578125000000000 -2125.42333984375000000000000 603.30828857421875000000000
-318.40289306640625000000000 -2120.84814453125000000000000 602.67962646484375000000000
-318.52084350585937500000000 -2118.65747070312500000000000 602.37835693359375000000000
-318.61926269531250000000000 -2116.82983398437500000000000 602.12805175781250000000000
-318.83334350585937500000000 -2112.85375976562500000000000 601.57995605468750000000000
-319.11123657226562500000000 -2107.69262695312500000000000 600.86437988281250000000000
-319.24859619140625000000000 -2105.14160156250000000000000 600.51025390625000000000000
-319.37951660156250000000000 -2102.71020507812500000000000 600.16796875000000000000000
-319.48995971679687500000000 -2100.65893554687500000000000 599.88012695312500000000000
-319.57730102539062500000000 -2099.03735351562500000000000 599.64459228515625000000000
-319.73971557617187500000000 -2096.02124023437500000000000 599.21136474609375000000000
-319.79208374023437500000000 -2095.04882812500000000000000 599.07202148437500000000000
-319.94335937500000000000000 -2092.24023437500000000000000 598.66442871093750000000000
-320.12423706054687500000000 -2088.88134765625000000000000 598.16900634765625000000000
-320.20962524414062500000000 -2087.29589843750000000000000 597.93786621093750000000000
-320.57418823242187500000000 -2080.52636718750000000000000 596.93469238281250000000000
-320.63937377929687500000000 -2079.31616210937500000000000 596.75500488281250000000000
-320.65170288085937500000000 -2079.08715820312500000000000 596.72082519531250000000000
-320.69906616210937500000000 -2078.20800781250000000000000 596.58868408203125000000000
-321.09539794921875000000000 -2070.84985351562500000000000 595.48425292968750000000000
-321.28219604492187500000000 -2067.38110351562500000000000 594.95886230468750000000000
-321.43984985351562500000000 -2064.45434570312500000000000 594.51403808593750000000000
-321.61795043945312500000000 -2061.14794921875000000000000 594.00610351562500000000000
-321.66839599609375000000000 -2060.21142578125000000000000 593.86224365234375000000000
-321.72308349609375000000000 -2059.19628906250000000000000 593.70599365234375000000000
-322.17376708984375000000000 -2050.82958984375000000000000 592.40832519531250000000000
-322.47570800781250000000000 -2045.22448730468750000000000 591.53747558593750000000000
-322.65328979492187500000000 -2041.92797851562500000000000 591.02148437500000000000000
-323.03894042968750000000000 -2034.76916503906250000000000 589.89337158203125000000000
-323.16665649414062500000000 -2032.39831542968750000000000 589.51550292968750000000000
-323.43579101562500000000000 -2027.40283203125000000000000 588.70941162109375000000000
-323.62863159179687500000000 -2023.82336425781250000000000 588.13598632812500000000000
-323.73080444335937500000000 -2021.92663574218750000000000 587.82830810546875000000000
-324.11077880859375000000000 -2014.87426757812500000000000 586.67291259765625000000000
-324.53320312500000000000000 -2007.03442382812500000000000 585.37261962890625000000000
-324.61273193359375000000000 -2005.55822753906250000000000 585.13049316406250000000000
-324.88342285156250000000000 -2000.53479003906250000000000 584.29064941406250000000000
-325.15301513671875000000000 -1995.53137207031250000000000 583.45379638671875000000000
-325.21774291992187500000000 -1994.33020019531250000000000 583.25012207031250000000000
-325.68182373046875000000000 -1985.71765136718750000000000 581.79949951171875000000000
-325.93395996093750000000000 -1981.03918457031250000000000 580.99871826171875000000000
-326.28271484375000000000000 -1974.56713867187500000000000 579.89685058593750000000000
-326.57308959960937500000000 -1969.17919921875000000000000 578.96661376953125000000000
-326.77947998046875000000000 -1965.34924316406250000000000 578.30932617187500000000000
-326.89987182617187500000000 -1963.11523437500000000000000 577.92504882812500000000000
-327.13043212890625000000000 -1958.83679199218750000000000 577.18304443359375000000000
-327.34078979492187500000000 -1954.93347167968750000000000 576.50451660156250000000000
-327.39944458007812500000000 -1953.84521484375000000000000 576.31561279296875000000000
-327.45767211914062500000000 -1952.76501464843750000000000 576.12469482421875000000000
-327.61492919921875000000000 -1949.84704589843750000000000 575.60949707031250000000000
-327.86288452148437500000000 -1945.24670410156250000000000 574.78723144531250000000000
-327.87466430664062500000000 -1945.02807617187500000000000 574.74804687500000000000000
-327.87881469726562500000000 -1944.95141601562500000000000 574.73413085937500000000000
-328.08471679687500000000000 -1941.13122558593750000000000 574.04730224609375000000000
-328.20343017578125000000000 -1938.92895507812500000000000 573.64752197265625000000000
-328.33624267578125000000000 -1936.46472167968750000000000 573.20349121093750000000000
-328.53372192382812500000000 -1932.80139160156250000000000 572.54010009765625000000000
-328.57296752929687500000000 -1932.07287597656250000000000 572.40716552734375000000000
-328.60894775390625000000000 -1931.40588378906250000000000 572.28570556640625000000000
-328.86956787109375000000000 -1926.57043457031250000000000 571.40960693359375000000000
-328.87860107421875000000000 -1926.40319824218750000000000 571.37921142578125000000000
-328.89413452148437500000000 -1926.11462402343750000000000 571.32647705078125000000000
-329.10260009765625000000000 -1922.24743652343750000000000 570.62377929687500000000000
-329.33395385742187500000000 -1917.95568847656250000000000 569.84014892578125000000000
-329.35052490234375000000000 -1917.64819335937500000000000 569.78387451171875000000000
-329.35485839843750000000000 -1917.56774902343750000000000 569.76910400390625000000000
-329.54299926757812500000000 -1914.07727050781250000000000 569.13604736328125000000000
-329.61309814453125000000000 -1912.77697753906250000000000 568.89642333984375000000000
-329.88082885742187500000000 -1907.81005859375000000000000 567.99499511718750000000000
-330.01495361328125000000000 -1905.32189941406250000000000 567.53240966796875000000000
-330.28955078125000000000000 -1900.22814941406250000000000 566.60040283203125000000000
-330.31890869140625000000000 -1899.68347167968750000000000 566.49914550781250000000000
-330.59118652343750000000000 -1894.63256835937500000000000 565.57403564453125000000000
-330.79284667968750000000000 -1890.89147949218750000000000 564.87872314453125000000000
-330.97973632812500000000000 -1887.42468261718750000000000 564.24450683593750000000000
-331.11135864257812500000000 -1884.98303222656250000000000 563.79571533203125000000000
-331.27374267578125000000000 -1881.97094726562500000000000 563.23590087890625000000000
-331.47811889648437500000000 -1878.17944335937500000000000 562.53784179687500000000000
-331.60754394531250000000000 -1875.77893066406250000000000 562.09014892578125000000000
-331.75555419921875000000000 -1873.03295898437500000000000 561.58081054687500000000000
-331.80407714843750000000000 -1872.13281250000000000000000 561.41223144531250000000000
-331.82733154296875000000000 -1871.70166015625000000000000 561.33026123046875000000000
-331.95477294921875000000000 -1869.33764648437500000000000 560.88696289062500000000000
