-431.67535400390625000000000 -1874.69641113281250000000000 555.09881591796875000000000
-431.49240112304687500000000 -1878.08190917968750000000000 555.92071533203125000000000
-431.47351074218750000000000 -1878.43273925781250000000000 556.00317382812500000000000
-431.34161376953125000000000 -1880.87683105468750000000000 556.54156494140625000000000
-431.22189331054687500000000 -1883.09509277343750000000000 557.05181884765625000000000
-431.13992309570312500000000 -1884.61413574218750000000000 557.40802001953125000000000
-430.97442626953125000000000 -1887.67980957031250000000000 558.14434814453125000000000
-430.75320434570312500000000 -1891.77868652343750000000000 559.07873535156250000000000
-430.53750610351562500000000 -1895.77526855468750000000000 560.00299072265625000000000
-430.41647338867187500000000 -1898.01818847656250000000000 560.52044677734375000000000
-430.37463378906250000000000 -1898.79382324218750000000000 560.68579101562500000000000
-430.34158325195312500000000 -1899.40576171875000000000000 560.82409667968750000000000
-430.28744506835937500000000 -1900.40905761718750000000000 561.06042480468750000000000
-430.14868164062500000000000 -1902.98046875000000000000000 561.63696289062500000000000
-430.08609008789062500000000 -1904.14050292968750000000000 561.88946533203125000000000
-429.91998291015625000000000 -1907.21838378906250000000000 562.59405517578125000000000
-429.77566528320312500000000 -1909.89294433593750000000000 563.19238281250000000000000
-429.62515258789062500000000 -1912.68273925781250000000000 563.79217529296875000000000
-429.49905395507812500000000 -1915.02050781250000000000000 564.29473876953125000000000
-429.43963623046875000000000 -1916.12109375000000000000000 564.54229736328125000000000
-429.26400756835937500000000 -1919.37597656250000000000000 565.28125000000000000000000
-429.22579956054687500000000 -1920.08374023437500000000000 565.43566894531250000000000
-429.09756469726562500000000 -1922.46154785156250000000000 565.93188476562500000000000
-428.80987548828125000000000 -1927.79492187500000000000000 567.05047607421875000000000
-428.76382446289062500000000 -1928.64819335937500000000000 567.23413085937500000000000
-428.72509765625000000000000 -1929.36657714843750000000000 567.37170410156250000000000
-428.68414306640625000000000 -1930.12536621093750000000000 567.54351806640625000000000
-428.63873291015625000000000 -1930.96679687500000000000000 567.74151611328125000000000
-428.61721801757812500000000 -1931.36596679687500000000000 567.81463623046875000000000
-428.51531982421875000000000 -1933.25500488281250000000000 568.19567871093750000000000
-428.41094970703125000000000 -1935.19006347656250000000000 568.60766601562500000000000
-428.28341674804687500000000 -1937.55468750000000000000000 569.09826660156250000000000
-428.11474609375000000000000 -1940.68139648437500000000000 569.71435546875000000000000
-428.00927734375000000000000 -1942.63793945312500000000000 570.10119628906250000000000
-427.95046997070312500000000 -1943.72827148437500000000000 570.33154296875000000000000
-427.73205566406250000000000 -1947.77832031250000000000000 571.13757324218750000000000
-427.70935058593750000000000 -1948.19970703125000000000000 571.22155761718750000000000
-427.66186523437500000000000 -1949.08093261718750000000000 571.36889648437500000000000
-427.59371948242187500000000 -1950.34399414062500000000000 571.63854980468750000000000
-427.55084228515625000000000 -1951.13879394531250000000000 571.79895019531250000000000
-427.45214843750000000000000 -1952.96997070312500000000000 572.15093994140625000000000
-427.39544677734375000000000 -1954.02087402343750000000000 572.35467529296875000000000
-427.33670043945312500000000 -1955.10986328125000000000000 572.58508300781250000000000
-427.20620727539062500000000 -1957.53051757812500000000000 573.04595947265625000000000
-427.11306762695312500000000 -1959.25756835937500000000000 573.37463378906250000000000
-426.98046875000000000000000 -1961.71691894531250000000000 573.84790039062500000000000
-426.82958984375000000000000 -1964.51562500000000000000000 574.37268066406250000000000
-426.76013183593750000000000 -1965.80493164062500000000000 574.59509277343750000000000
-426.67636108398437500000000 -1967.35791015625000000000000 574.90948486328125000000000
-426.58398437500000000000000 -1969.07092285156250000000000 575.22607421875000000000000
-426.52551269531250000000000 -1970.15673828125000000000000 575.41491699218750000000000
-426.42288208007812500000000 -1972.06042480468750000000000 575.75738525390625000000000
-426.34143066406250000000000 -1973.57043457031250000000000 576.07104492187500000000000
-426.33074951171875000000000 -1973.76867675781250000000000 576.11065673828125000000000
-426.20785522460937500000000 -1976.04809570312500000000000 576.52386474609375000000000
-426.07052612304687500000000 -1978.59631347656250000000000 576.98602294921875000000000
-425.98712158203125000000000 -1980.14343261718750000000000 577.28771972656250000000000
-425.87234497070312500000000 -1982.27258300781250000000000 577.67932128906250000000000
-425.66656494140625000000000 -1986.08984375000000000000000 578.37609863281250000000000
-425.53274536132812500000000 -1988.57287597656250000000000 578.83026123046875000000000
-425.50912475585937500000000 -1989.01074218750000000000000 578.91180419921875000000000
-425.40014648437500000000000 -1991.03247070312500000000000 579.26812744140625000000000
-425.27270507812500000000000 -1993.39660644531250000000000 579.69567871093750000000000
-425.20446777343750000000000 -1994.66333007812500000000000 579.90667724609375000000000
-425.16928100585937500000000 -1995.31591796875000000000000 580.04052734375000000000000
-425.08358764648437500000000 -1996.90502929687500000000000 580.33642578125000000000000
-425.03698730468750000000000 -1997.76965332031250000000000 580.48760986328125000000000
-425.01284790039062500000000 -1998.21801757812500000000000 580.56652832031250000000000
-424.98318481445312500000000 -1998.76794433593750000000000 580.67053222656250000000000
-424.84939575195312500000000 -2001.25061035156250000000000 581.10449218750000000000000
-424.70520019531250000000000 -2003.92590332031250000000000 581.57037353515625000000000
-424.50451660156250000000000 -2007.64880371093750000000000 582.25921630859375000000000
-424.35791015625000000000000 -2010.36865234375000000000000 582.73266601562500000000000
-424.09869384765625000000000 -2015.17871093750000000000000 583.59265136718750000000000
-423.98373413085937500000000 -2017.31164550781250000000000 583.96728515625000000000000
-423.88784790039062500000000 -2019.09082031250000000000000 584.26586914062500000000000
-423.84158325195312500000000 -2019.94946289062500000000000 584.41046142578125000000000
-423.83129882812500000000000 -2020.13964843750000000000000 584.46356201171875000000000
-423.79891967773437500000000 -2020.74047851562500000000000 584.56530761718750000000000
-423.74755859375000000000000 -2021.69348144531250000000000 584.73181152343750000000000
-423.70269775390625000000000 -2022.52648925781250000000000 584.85327148437500000000000
-423.67239379882812500000000 -2023.08862304687500000000000 584.96301269531250000000000
-423.55520629882812500000000 -2025.26367187500000000000000 585.33172607421875000000000
-423.50665283203125000000000 -2026.16455078125000000000000 585.46936035156250000000000
-423.47012329101562500000000 -2026.84191894531250000000000 585.62481689453125000000000
-423.31503295898437500000000 -2029.71972656250000000000000 586.11248779296875000000000
-423.12304687500000000000000 -2033.28259277343750000000000 586.71148681640625000000000
-422.98843383789062500000000 -2035.78063964843750000000000 587.14086914062500000000000
-422.92575073242187500000000 -2036.94384765625000000000000 587.32763671875000000000000
-422.82406616210937500000000 -2038.83081054687500000000000 587.64776611328125000000000
-422.78958129882812500000000 -2039.47131347656250000000000 587.74365234375000000000000
-422.74295043945312500000000 -2040.33630371093750000000000 587.89721679687500000000000
-422.60025024414062500000000 -2042.98535156250000000000000 588.34082031250000000000000
-422.30386352539062500000000 -2048.48535156250000000000000 589.26879882812500000000000
-422.27352905273437500000000 -2049.04736328125000000000000 589.35845947265625000000000
-422.24731445312500000000000 -2049.53466796875000000000000 589.44500732421875000000000
-421.82083129882812500000000 -2057.45043945312500000000000 590.73059082031250000000000
-421.52279663085937500000000 -2062.98242187500000000000000 591.62005615234375000000000
-421.27847290039062500000000 -2067.51806640625000000000000 592.32659912109375000000000
-421.08401489257812500000000 -2071.12817382812500000000000 592.89874267578125000000000
-420.98309326171875000000000 -2073.00122070312500000000000 593.18426513671875000000000
-420.75845336914062500000000 -2077.17163085937500000000000 593.84582519531250000000000
-420.64483642578125000000000 -2079.28051757812500000000000 594.17669677734375000000000
-420.44708251953125000000000 -2082.95166015625000000000000 594.74768066406250000000000
-420.16424560546875000000000 -2088.20312500000000000000000 595.54815673828125000000000
-420.11441040039062500000000 -2089.12792968750000000000000 595.69384765625000000000000
-419.78912353515625000000000 -2095.16748046875000000000000 596.59851074218750000000000
-419.67700195312500000000000 -2097.24926757812500000000000 596.90545654296875000000000
-419.48785400390625000000000 -2100.76123046875000000000000 597.43237304687500000000000
-419.26754760742187500000000 -2104.85156250000000000000000 598.03771972656250000000000
-419.25411987304687500000000 -2105.10083007812500000000000 598.07354736328125000000000
-418.84552001953125000000000 -2112.68847656250000000000000 599.17572021484375000000000
-418.79931640625000000000000 -2113.54663085937500000000000 599.29693603515625000000000
-418.71136474609375000000000 -2115.17944335937500000000000 599.53021240234375000000000
-418.47726440429687500000000 -2119.52734375000000000000000 600.13861083984375000000000
-418.30563354492187500000000 -2122.71459960937500000000000 600.58868408203125000000000
-418.19879150390625000000000 -2124.69824218750000000000000 600.87731933593750000000000
-418.04064941406250000000000 -2127.63549804687500000000000 601.28173828125000000000000
-417.58599853515625000000000 -2136.07910156250000000000000 602.45288085937500000000000
-417.36227416992187500000000 -2140.23510742187500000000000 603.00366210937500000000000
-417.15722656250000000000000 -2144.04394531250000000000000 603.50714111328125000000000
-417.15130615234375000000000 -2144.15380859375000000000000 603.51879882812500000000000
-417.14724731445312500000000 -2144.22753906250000000000000 603.53326416015625000000000
-417.06192016601562500000000 -2145.81396484375000000000000 603.75848388671875000000000
-416.91439819335937500000000 -2148.55346679687500000000000 604.12927246093750000000000
-416.85626220703125000000000 -2149.63378906250000000000000 604.26550292968750000000000
-416.77029418945312500000000 -2151.23095703125000000000000 604.47705078125000000000000
-416.51641845703125000000000 -2155.94677734375000000000000 605.09204101562500000000000
-416.39291381835937500000000 -2158.24072265625000000000000 605.38616943359375000000000
-416.16342163085937500000000 -2162.50415039062500000000000 605.94915771484375000000000
-416.08474731445312500000000 -2163.96557617187500000000000 606.12847900390625000000000
-416.01675415039062500000000 -2165.22875976562500000000000 606.29577636718750000000000
-415.97241210937500000000000 -2166.05273437500000000000000 606.39709472656250000000000
-415.91998291015625000000000 -2167.02636718750000000000000 606.53063964843750000000000
-415.82684326171875000000000 -2168.75634765625000000000000 606.74884033203125000000000
-415.60412597656250000000000 -2172.89428710937500000000000 607.27819824218750000000000
-415.43786621093750000000000 -2175.98266601562500000000000 607.66778564453125000000000
-415.11218261718750000000000 -2182.03344726562500000000000 608.41827392578125000000000
-414.80212402343750000000000 -2187.79516601562500000000000 609.10809326171875000000000
-414.70849609375000000000000 -2189.53417968750000000000000 609.32214355468750000000000
-414.58959960937500000000000 -2191.74365234375000000000000 609.58453369140625000000000
-414.36862182617187500000000 -2195.85009765625000000000000 610.06634521484375000000000
-414.29205322265625000000000 -2197.27221679687500000000000 610.24517822265625000000000
-414.12796020507812500000000 -2200.32153320312500000000000 610.60150146484375000000000
-414.01464843750000000000000 -2202.42773437500000000000000 610.83990478515625000000000
-413.94107055664062500000000 -2203.79541015625000000000000 610.98541259765625000000000
-413.71163940429687500000000 -2208.05883789062500000000000 611.47497558593750000000000
-413.61865234375000000000000 -2209.78613281250000000000000 611.67761230468750000000000
-413.34933471679687500000000 -2214.79199218750000000000000 612.23754882812500000000000
-412.99957275390625000000000 -2221.29223632812500000000000 612.94927978515625000000000
-412.95343017578125000000000 -2222.15063476562500000000000 613.03326416015625000000000
-412.77697753906250000000000 -2225.42993164062500000000000 613.39886474609375000000000
-412.67962646484375000000000 -2227.23950195312500000000000 613.59039306640625000000000
-412.45413208007812500000000 -2231.43041992187500000000000 614.05120849609375000000000
-412.25982666015625000000000 -2235.04174804687500000000000 614.44628906250000000000000
-411.83258056640625000000000 -2242.98364257812500000000000 615.26464843750000000000000
-411.40277099609375000000000 -2250.97387695312500000000000 616.07464599609375000000000
-411.20053100585937500000000 -2254.73413085937500000000000 616.43157958984375000000000
-410.89572143554687500000000 -2260.40039062500000000000000 617.00518798828125000000000
-410.77658081054687500000000 -2262.61499023437500000000000 617.22241210937500000000000
-410.72003173828125000000000 -2263.66625976562500000000000 617.33349609375000000000000
-410.57421875000000000000000 -2266.37744140625000000000000 617.59936523437500000000000
-410.41052246093750000000000 -2269.42114257812500000000000 617.87445068359375000000000
-410.20443725585937500000000 -2273.25317382812500000000000 618.22265625000000000000000
-409.98004150390625000000000 -2277.42578125000000000000000 618.61511230468750000000000
-409.66687011718750000000000 -2283.24877929687500000000000 619.14898681640625000000000
-409.14764404296875000000000 -2292.90405273437500000000000 620.00671386718750000000000
-408.88790893554687500000000 -2297.73461914062500000000000 620.42675781250000000000000
-408.67001342773437500000000 -2301.78686523437500000000000 620.76837158203125000000000
-408.54537963867187500000000 -2304.10522460937500000000000 620.95495605468750000000000
-408.44851684570312500000000 -2305.90600585937500000000000 621.11309814453125000000000
-408.26391601562500000000000 -2309.33935546875000000000000 621.39624023437500000000000
-408.14410400390625000000000 -2311.56762695312500000000000 621.58453369140625000000000
-407.92083740234375000000000 -2315.72070312500000000000000 621.91571044921875000000000
-407.75823974609375000000000 -2318.74511718750000000000000 622.14379882812500000000000
-407.56723022460937500000000 -2322.29833984375000000000000 622.42089843750000000000000
-407.39462280273437500000000 -2325.50830078125000000000000 622.68597412109375000000000
-407.30590820312500000000000 -2327.15893554687500000000000 622.81427001953125000000000
-406.75827026367187500000000 -2337.34643554687500000000000 623.57092285156250000000000
-406.68438720703125000000000 -2338.72045898437500000000000 623.67401123046875000000000
-406.24429321289062500000000 -2346.90698242187500000000000 624.28967285156250000000000
-406.06149291992187500000000 -2350.30810546875000000000000 624.52868652343750000000000
-405.85919189453125000000000 -2354.07177734375000000000000 624.78125000000000000000000
-405.52093505859375000000000 -2360.36523437500000000000000 625.20953369140625000000000
-405.42279052734375000000000 -2362.19165039062500000000000 625.32476806640625000000000
-405.27246093750000000000000 -2364.98876953125000000000000 625.51452636718750000000000
-405.11474609375000000000000 -2367.92236328125000000000000 625.71887207031250000000000
-405.05679321289062500000000 -2369.00219726562500000000000 625.76782226562500000000000
-404.92565917968750000000000 -2371.44262695312500000000000 625.90411376953125000000000
-404.84939575195312500000000 -2372.86083984375000000000000 626.02630615234375000000000
-404.79379272460937500000000 -2373.89477539062500000000000 626.11682128906250000000000
-404.76626586914062500000000 -2374.40722656250000000000000 626.15075683593750000000000
-404.41900634765625000000000 -2380.86987304687500000000000 626.52471923828125000000000
-404.35922241210937500000000 -2381.98217773437500000000000 626.59442138671875000000000
-403.94046020507812500000000 -2389.77441406250000000000000 627.08154296875000000000000
-403.85562133789062500000000 -2391.35351562500000000000000 627.17126464843750000000000
-403.76947021484375000000000 -2392.95678710937500000000000 627.25836181640625000000000
-403.62081909179687500000000 -2395.72412109375000000000000 627.39544677734375000000000
-403.52862548828125000000000 -2397.43994140625000000000000 627.49475097656250000000000
-403.27798461914062500000000 -2402.10449218750000000000000 627.75994873046875000000000
-402.95602416992187500000000 -2408.09692382812500000000000 628.09179687500000000000000
-402.63989257812500000000000 -2413.98046875000000000000000 628.41143798828125000000000
-402.41186523437500000000000 -2418.22485351562500000000000 628.63092041015625000000000
-402.40756225585937500000000 -2418.30493164062500000000000 628.63525390625000000000000
-402.13922119140625000000000 -2423.29907226562500000000000 628.90563964843750000000000
-402.07321166992187500000000 -2424.52832031250000000000000 628.95239257812500000000000
-402.01770019531250000000000 -2425.56152343750000000000000 629.01110839843750000000000
-401.69973754882812500000000 -2431.48071289062500000000000 629.28436279296875000000000
-401.53924560546875000000000 -2434.46899414062500000000000 629.39691162109375000000000
-401.19940185546875000000000 -2440.79541015625000000000000 629.68933105468750000000000
-401.11779785156250000000000 -2442.31445312500000000000000 629.76550292968750000000000
-400.77365112304687500000000 -2448.72167968750000000000000 630.03771972656250000000000
-400.68157958984375000000000 -2450.43603515625000000000000 630.10943603515625000000000
-400.44888305664062500000000 -2454.76879882812500000000000 630.27795410156250000000000
-400.08917236328125000000000 -2461.46533203125000000000000 630.56408691406250000000000
-399.97027587890625000000000 -2463.67919921875000000000000 630.65234375000000000000000
-399.86810302734375000000000 -2465.58203125000000000000000 630.71032714843750000000000
-399.52914428710937500000000 -2471.89379882812500000000000 630.93395996093750000000000
-399.34185791015625000000000 -2475.38134765625000000000000 631.06115722656250000000000
-399.14685058593750000000000 -2479.01342773437500000000000 631.17083740234375000000000
-398.84375000000000000000000 -2484.65722656250000000000000 631.37615966796875000000000
-398.82846069335937500000000 -2484.94140625000000000000000 631.38690185546875000000000
-398.56591796875000000000000 -2489.83105468750000000000000 631.53778076171875000000000
-398.16333007812500000000000 -2497.32861328125000000000000 631.76605224609375000000000
-397.81018066406250000000000 -2503.90478515625000000000000 631.96044921875000000000000
-397.44171142578125000000000 -2510.76904296875000000000000 632.12329101562500000000000
-397.16275024414062500000000 -2515.96557617187500000000000 632.24041748046875000000000
-397.03393554687500000000000 -2518.36499023437500000000000 632.28906250000000000000000
-396.53897094726562500000000 -2527.58544921875000000000000 632.48291015625000000000000
-396.16867065429687500000000 -2534.48315429687500000000000 632.62261962890625000000000
-396.10751342773437500000000 -2535.62231445312500000000000 632.64855957031250000000000
-395.90573120117187500000000 -2539.38134765625000000000000 632.71191406250000000000000
-395.81387329101562500000000 -2541.09301757812500000000000 632.74212646484375000000000
-395.49078369140625000000000 -2547.11230468750000000000000 632.81372070312500000000000
-395.18844604492187500000000 -2552.74560546875000000000000 632.88830566406250000000000
-394.98641967773437500000000 -2556.51025390625000000000000 632.92614746093750000000000
-394.67349243164062500000000 -2562.34130859375000000000000 632.96972656250000000000000
-394.35278320312500000000000 -2568.31713867187500000000000 633.02941894531250000000000
-394.06005859375000000000000 -2573.77197265625000000000000 633.06079101562500000000000
-393.96112060546875000000000 -2575.61596679687500000000000 633.07110595703125000000000
-393.93145751953125000000000 -2576.16870117187500000000000 633.07263183593750000000000
-393.89346313476562500000000 -2576.87670898437500000000000 633.08013916015625000000000
-393.50512695312500000000000 -2584.11401367187500000000000 633.10528564453125000000000
-393.26702880859375000000000 -2588.55126953125000000000000 633.11181640625000000000000
-392.96560668945312500000000 -2594.16967773437500000000000 633.09887695312500000000000
-392.89074707031250000000000 -2595.56494140625000000000000 633.10717773437500000000000
-392.79504394531250000000000 -2597.34838867187500000000000 633.11859130859375000000000
-392.44088745117187500000000 -2603.94921875000000000000000 633.10394287109375000000000
-392.30838012695312500000000 -2606.41967773437500000000000 633.08361816406250000000000
-392.15365600585937500000000 -2609.30346679687500000000000 633.07403564453125000000000
-392.05972290039062500000000 -2611.05444335937500000000000 633.06695556640625000000000
-392.02670288085937500000000 -2611.66943359375000000000000 633.07977294921875000000000
-391.93518066406250000000000 -2613.37500000000000000000000 633.08966064453125000000000
-391.74819946289062500000000 -2616.86132812500000000000000 633.03503417968750000000000
-391.58206176757812500000000 -2619.95874023437500000000000 633.01306152343750000000000
-391.21578979492187500000000 -2626.78662109375000000000000 632.95391845703125000000000
-390.75765991210937500000000 -2635.32763671875000000000000 632.85662841796875000000000
-390.74011230468750000000000 -2635.65454101562500000000000 632.85369873046875000000000
-390.36459350585937500000000 -2642.65649414062500000000000 632.74908447265625000000000
-390.18536376953125000000000 -2645.99755859375000000000000 632.70214843750000000000000
-389.95083618164062500000000 -2650.37133789062500000000000 632.61779785156250000000000
-389.81610107421875000000000 -2652.88378906250000000000000 632.56506347656250000000000
-389.47973632812500000000000 -2659.15551757812500000000000 632.46087646484375000000000
-389.19442749023437500000000 -2664.47534179687500000000000 632.37438964843750000000000
-388.99206542968750000000000 -2668.24877929687500000000000 632.28601074218750000000000
-388.89401245117187500000000 -2670.07812500000000000000000 632.22949218750000000000000
-388.82299804687500000000000 -2671.40307617187500000000000 632.17968750000000000000000
-388.79016113281250000000000 -2672.01513671875000000000000 632.16717529296875000000000
-388.69366455078125000000000 -2673.81347656250000000000000 632.15411376953125000000000
-388.68048095703125000000000 -2674.06030273437500000000000 632.14379882812500000000000
-388.59558105468750000000000 -2675.64428710937500000000000 632.06756591796875000000000
-388.54367065429687500000000 -2676.61254882812500000000000 632.05236816406250000000000
-388.43338012695312500000000 -2678.66870117187500000000000 632.01513671875000000000000
-388.35180664062500000000000 -2680.19042968750000000000000 631.98229980468750000000000
-388.25531005859375000000000 -2681.98999023437500000000000 631.95031738281250000000000
-388.06091308593750000000000 -2685.61450195312500000000000 631.86102294921875000000000
-387.85705566406250000000000 -2689.41674804687500000000000 631.75598144531250000000000
-387.79098510742187500000000 -2690.64868164062500000000000 631.72839355468750000000000
-387.65927124023437500000000 -2693.10595703125000000000000 631.63977050781250000000000
-387.40274047851562500000000 -2697.89111328125000000000000 631.50726318359375000000000
-387.27438354492187500000000 -2700.28515625000000000000000 631.43701171875000000000000
-387.23641967773437500000000 -2700.99291992187500000000000 631.42401123046875000000000
-387.00518798828125000000000 -2705.30664062500000000000000 631.29449462890625000000000
-386.61221313476562500000000 -2712.63598632812500000000000 631.06195068359375000000000
-386.41625976562500000000000 -2716.29150390625000000000000 630.94146728515625000000000
-386.19598388671875000000000 -2720.40112304687500000000000 630.78558349609375000000000
-385.73431396484375000000000 -2729.01342773437500000000000 630.46582031250000000000000
-385.44766235351562500000000 -2734.36181640625000000000000 630.26666259765625000000000
-385.27456665039062500000000 -2737.59082031250000000000000 630.14044189453125000000000
-385.14080810546875000000000 -2740.08691406250000000000000 630.03173828125000000000000
-385.05361938476562500000000 -2741.71313476562500000000000 629.97094726562500000000000
-384.79702758789062500000000 -2746.50048828125000000000000 629.77355957031250000000000
-384.73376464843750000000000 -2747.68090820312500000000000 629.72149658203125000000000
-384.62939453125000000000000 -2749.62817382812500000000000 629.64416503906250000000000
-384.46676635742187500000000 -2752.66162109375000000000000 629.51300048828125000000000
-384.05474853515625000000000 -2760.35058593750000000000000 629.16986083984375000000000
-383.76388549804687500000000 -2765.77758789062500000000000 628.92114257812500000000000
-383.51177978515625000000000 -2770.48315429687500000000000 628.67742919921875000000000
-383.27557373046875000000000 -2774.89013671875000000000000 628.47369384765625000000000
-382.96163940429687500000000 -2780.74951171875000000000000 628.16906738281250000000000
-382.56607055664062500000000 -2788.13183593750000000000000 627.78131103515625000000000
-382.46609497070312500000000 -2789.99755859375000000000000 627.68725585937500000000000
-382.09680175781250000000000 -2796.88989257812500000000000 627.31726074218750000000000
-381.91378784179687500000000 -2800.30639648437500000000000 627.10955810546875000000000
-381.71539306640625000000000 -2804.00952148437500000000000 626.90496826171875000000000
-381.63024902343750000000000 -2805.59863281250000000000000 626.81182861328125000000000
-381.59698486328125000000000 -2806.21948242187500000000000 626.78198242187500000000000
-381.42938232421875000000000 -2809.34838867187500000000000 626.57482910156250000000000
-381.36264038085937500000000 -2810.59423828125000000000000 626.50177001953125000000000
-381.25015258789062500000000 -2812.69409179687500000000000 626.38281250000000000000000
-381.12240600585937500000000 -2815.07861328125000000000000 626.24114990234375000000000
-380.92868041992187500000000 -2818.69433593750000000000000 626.00469970703125000000000
-380.75030517578125000000000 -2822.02465820312500000000000 625.80554199218750000000000
-380.68505859375000000000000 -2823.24316406250000000000000 625.71905517578125000000000
-380.57031250000000000000000 -2825.38574218750000000000000 625.56274414062500000000000
-380.45910644531250000000000 -2827.46093750000000000000000 625.45013427734375000000000
-380.31314086914062500000000 -2830.18627929687500000000000 625.26452636718750000000000
-380.23889160156250000000000 -2831.57299804687500000000000 625.14813232421875000000000
-380.20028686523437500000000 -2832.29370117187500000000000 625.09899902343750000000000
-380.09548950195312500000000 -2834.25000000000000000000000 624.99029541015625000000000
-380.04241943359375000000000 -2835.24121093750000000000000 624.91619873046875000000000
-379.84320068359375000000000 -2838.96044921875000000000000 624.67156982421875000000000
-379.81771850585937500000000 -2839.43603515625000000000000 624.63745117187500000000000
-379.61761474609375000000000 -2843.17309570312500000000000 624.33605957031250000000000
-379.52920532226562500000000 -2844.82421875000000000000000 624.21057128906250000000000
-379.47232055664062500000000 -2845.88696289062500000000000 624.12927246093750000000000
-379.45996093750000000000000 -2846.11743164062500000000000 624.11010742187500000000000
-379.28009033203125000000000 -2849.47509765625000000000000 623.86016845703125000000000
-379.20568847656250000000000 -2850.86596679687500000000000 623.75329589843750000000000
-379.01840209960937500000000 -2854.36254882812500000000000 623.51257324218750000000000
-378.71527099609375000000000 -2860.02368164062500000000000 623.07232666015625000000000
-378.64642333984375000000000 -2861.30932617187500000000000 622.97894287109375000000000
-378.51074218750000000000000 -2863.84326171875000000000000 622.77111816406250000000000
-378.50546264648437500000000 -2863.94555664062500000000000 622.76153564453125000000000
-378.49359130859375000000000 -2864.16333007812500000000000 622.74530029296875000000000
-378.28680419921875000000000 -2868.02636718750000000000000 622.43743896484375000000000
-378.04251098632812500000000 -2872.58789062500000000000000 622.08294677734375000000000
-377.83703613281250000000000 -2876.42480468750000000000000 621.78002929687500000000000
-377.67831420898437500000000 -2879.39013671875000000000000 621.51770019531250000000000
-377.56100463867187500000000 -2881.58081054687500000000000 621.34265136718750000000000
-377.39889526367187500000000 -2884.60913085937500000000000 621.06427001953125000000000
-377.29019165039062500000000 -2886.63964843750000000000000 620.89685058593750000000000
-377.10379028320312500000000 -2890.12182617187500000000000 620.59399414062500000000000
-377.05023193359375000000000 -2891.12231445312500000000000 620.49761962890625000000000
-377.01245117187500000000000 -2891.82763671875000000000000 620.44055175781250000000000
-376.86932373046875000000000 -2894.50219726562500000000000 620.18884277343750000000000
-376.77777099609375000000000 -2896.21215820312500000000000 620.04302978515625000000000
-376.73129272460937500000000 -2897.08032226562500000000000 619.95208740234375000000000
-376.70626831054687500000000 -2897.54785156250000000000000 619.92016601562500000000000
-376.66455078125000000000000 -2898.32714843750000000000000 619.85034179687500000000000
-376.60766601562500000000000 -2899.38989257812500000000000 619.74908447265625000000000
-376.58407592773437500000000 -2899.82934570312500000000000 619.72564697265625000000000
-376.50582885742187500000000 -2901.29077148437500000000000 619.60083007812500000000000
-376.30307006835937500000000 -2905.07983398437500000000000 619.24316406250000000000000
-376.10678100585937500000000 -2908.74633789062500000000000 618.91308593750000000000000
-375.99130249023437500000000 -2910.90454101562500000000000 618.69744873046875000000000
-375.96414184570312500000000 -2911.41186523437500000000000 618.64843750000000000000000
-375.88305664062500000000000 -2912.92724609375000000000000 618.50823974609375000000000
-375.83209228515625000000000 -2913.88037109375000000000000 618.36334228515625000000000
-375.75061035156250000000000 -2915.40161132812500000000000 618.26458740234375000000000
-375.68814086914062500000000 -2916.56884765625000000000000 618.15466308593750000000000
-375.63693237304687500000000 -2917.52636718750000000000000 618.03497314453125000000000
-375.55606079101562500000000 -2919.03686523437500000000000 617.90490722656250000000000
-375.50701904296875000000000 -2919.95336914062500000000000 617.81805419921875000000000
-375.39233398437500000000000 -2922.09643554687500000000000 617.58660888671875000000000
-375.28308105468750000000000 -2924.13842773437500000000000 617.36907958984375000000000
-375.20904541015625000000000 -2925.52221679687500000000000 617.22900390625000000000000
-375.07174682617187500000000 -2928.08666992187500000000000 616.99072265625000000000000
-374.83862304687500000000000 -2932.44433593750000000000000 616.50512695312500000000000
-374.80508422851562500000000 -2933.07006835937500000000000 616.47540283203125000000000
-374.72399902343750000000000 -2934.58618164062500000000000 616.29492187500000000000000
-374.68292236328125000000000 -2935.35449218750000000000000 616.21362304687500000000000
-374.55599975585937500000000 -2937.72558593750000000000000 615.96575927734375000000000
-374.49322509765625000000000 -2938.89941406250000000000000 615.82421875000000000000000
-374.39709472656250000000000 -2940.69482421875000000000000 615.64929199218750000000000
-374.24856567382812500000000 -2943.47192382812500000000000 615.32647705078125000000000
-374.19973754882812500000000 -2944.38476562500000000000000 615.23016357421875000000000
-374.15451049804687500000000 -2945.22949218750000000000000 615.15447998046875000000000
-374.05252075195312500000000 -2947.13549804687500000000000 614.94683837890625000000000
-373.78271484375000000000000 -2952.17919921875000000000000 614.37457275390625000000000
-373.62030029296875000000000 -2955.21459960937500000000000 614.02819824218750000000000
-373.56500244140625000000000 -2956.24877929687500000000000 613.89794921875000000000000
-373.28677368164062500000000 -2961.44946289062500000000000 613.31213378906250000000000
-373.18624877929687500000000 -2963.32885742187500000000000 613.08721923828125000000000
-373.05087280273437500000000 -2965.85937500000000000000000 612.78887939453125000000000
-373.03140258789062500000000 -2966.22363281250000000000000 612.73492431640625000000000
-373.01379394531250000000000 -2966.55249023437500000000000 612.70825195312500000000000
-372.88070678710937500000000 -2969.04052734375000000000000 612.42120361328125000000000
-372.80490112304687500000000 -2970.45776367187500000000000 612.23864746093750000000000
-372.66867065429687500000000 -2973.00463867187500000000000 611.93920898437500000000000
-372.55404663085937500000000 -2975.14819335937500000000000 611.66333007812500000000000
-372.12823486328125000000000 -2983.10913085937500000000000 610.68231201171875000000000
-372.05181884765625000000000 -2984.53808593750000000000000 610.50567626953125000000000
-371.97482299804687500000000 -2985.97851562500000000000000 610.30389404296875000000000
-371.97116088867187500000000 -2986.04736328125000000000000 610.29962158203125000000000
-371.86578369140625000000000 -2988.01586914062500000000000 610.10791015625000000000000
-371.76257324218750000000000 -2989.94531250000000000000000 609.86187744140625000000000
-371.72399902343750000000000 -2990.66601562500000000000000 609.78308105468750000000000
-371.66564941406250000000000 -2991.75805664062500000000000 609.63476562500000000000000
-371.64440917968750000000000 -2992.15576171875000000000000 609.55230712890625000000000
-371.59072875976562500000000 -2993.15917968750000000000000 609.43963623046875000000000
-371.54772949218750000000000 -2993.96313476562500000000000 609.34460449218750000000000
-371.50720214843750000000000 -2994.72119140625000000000000 609.24133300781250000000000
-371.46771240234375000000000 -2995.46020507812500000000000 609.12683105468750000000000
-371.43585205078125000000000 -2996.05590820312500000000000 609.04486083984375000000000
-371.41735839843750000000000 -2996.40136718750000000000000 609.01232910156250000000000
-371.39471435546875000000000 -2996.82397460937500000000000 608.98797607421875000000000
-371.33938598632812500000000 -2997.85864257812500000000000 608.85705566406250000000000
-371.26596069335937500000000 -2999.23168945312500000000000 608.67663574218750000000000
-371.20089721679687500000000 -3000.44897460937500000000000 608.51220703125000000000000
-371.15560913085937500000000 -3001.29614257812500000000000 608.37585449218750000000000
-371.08172607421875000000000 -3002.67797851562500000000000 608.17376708984375000000000
-371.02813720703125000000000 -3003.67993164062500000000000 608.04479980468750000000000
-370.97463989257812500000000 -3004.68212890625000000000000 607.89215087890625000000000
-370.90536499023437500000000 -3005.97705078125000000000000 607.72570800781250000000000
-370.88095092773437500000000 -3006.43286132812500000000000 607.68646240234375000000000
-370.85562133789062500000000 -3006.90673828125000000000000 607.61920166015625000000000
-370.74743652343750000000000 -3008.93017578125000000000000 607.34338378906250000000000
-370.69873046875000000000000 -3009.84204101562500000000000 607.18463134765625000000000
-370.67947387695312500000000 -3010.20141601562500000000000 607.16436767578125000000000
-370.61593627929687500000000 -3011.38989257812500000000000 607.00567626953125000000000
-370.58309936523437500000000 -3012.00341796875000000000000 606.90905761718750000000000
-370.52859497070312500000000 -3013.02368164062500000000000 606.76702880859375000000000
-370.47647094726562500000000 -3013.99902343750000000000000 606.61199951171875000000000
-370.45507812500000000000000 -3014.39868164062500000000000 606.58032226562500000000000
-370.27966308593750000000000 -3017.67968750000000000000000 606.13586425781250000000000
-370.24740600585937500000000 -3018.28271484375000000000000 606.05596923828125000000000
-370.09246826171875000000000 -3021.18041992187500000000000 605.65704345703125000000000
-369.99462890625000000000000 -3023.01123046875000000000000 605.39630126953125000000000
-369.83676147460937500000000 -3025.96435546875000000000000 604.96508789062500000000000
-369.78866577148437500000000 -3026.86352539062500000000000 604.84185791015625000000000
-369.75509643554687500000000 -3027.49243164062500000000000 604.73272705078125000000000
-369.69366455078125000000000 -3028.64135742187500000000000 604.56951904296875000000000
-369.54440307617187500000000 -3031.43310546875000000000000 604.17022705078125000000000
-369.31311035156250000000000 -3035.76098632812500000000000 603.51507568359375000000000
-369.16796875000000000000000 -3038.47607421875000000000000 603.11029052734375000000000
-368.94750976562500000000000 -3042.60156250000000000000000 602.48834228515625000000000
-368.93774414062500000000000 -3042.78491210937500000000000 602.45697021484375000000000
-368.78369140625000000000000 -3045.66723632812500000000000 602.00158691406250000000000
-368.66580200195312500000000 -3047.87329101562500000000000 601.64465332031250000000000
-368.58065795898437500000000 -3049.46606445312500000000000 601.41406250000000000000000
-368.41815185546875000000000 -3052.50830078125000000000000 600.95269775390625000000000
-368.33642578125000000000000 -3054.03540039062500000000000 600.73522949218750000000000
-368.31939697265625000000000 -3054.35449218750000000000000 600.68536376953125000000000
-368.25695800781250000000000 -3055.52172851562500000000000 600.54260253906250000000000
-368.09838867187500000000000 -3058.48852539062500000000000 600.07006835937500000000000
-367.96322631835937500000000 -3061.01831054687500000000000 599.67114257812500000000000
-367.85369873046875000000000 -3063.06811523437500000000000 599.34826660156250000000000
-367.79870605468750000000000 -3064.09692382812500000000000 599.20751953125000000000000
-367.72827148437500000000000 -3065.41455078125000000000000 599.01843261718750000000000
-367.65576171875000000000000 -3066.77172851562500000000000 598.77905273437500000000000
-367.47409057617187500000000 -3070.17187500000000000000000 598.23303222656250000000000
-367.46447753906250000000000 -3070.35107421875000000000000 598.21643066406250000000000
-367.43627929687500000000000 -3070.87915039062500000000000 598.12677001953125000000000
-367.39364624023437500000000 -3071.67773437500000000000000 597.97027587890625000000000
-367.37051391601562500000000 -3072.11035156250000000000000 597.90747070312500000000000
-367.32254028320312500000000 -3073.00878906250000000000000 597.73535156250000000000000
-367.29074096679687500000000 -3073.60498046875000000000000 597.61706542968750000000000
-367.24508666992187500000000 -3074.45898437500000000000000 597.49389648437500000000000
-367.14205932617187500000000 -3076.38671875000000000000000 597.18963623046875000000000
-366.98727416992187500000000 -3079.28369140625000000000000 596.72326660156250000000000
-366.90408325195312500000000 -3080.83984375000000000000000 596.49414062500000000000000
-366.84341430664062500000000 -3081.97509765625000000000000 596.30340576171875000000000
-366.59555053710937500000000 -3086.61572265625000000000000 595.50616455078125000000000
-366.50579833984375000000000 -3088.29541015625000000000000 595.23132324218750000000000
-366.37457275390625000000000 -3090.75170898437500000000000 594.81628417968750000000000
-366.30078125000000000000000 -3092.13378906250000000000000 594.56878662109375000000000
-366.26708984375000000000000 -3092.76489257812500000000000 594.44610595703125000000000
-366.25274658203125000000000 -3093.03271484375000000000000 594.41204833984375000000000
-366.20568847656250000000000 -3093.91406250000000000000000 594.26147460937500000000000
-366.13885498046875000000000 -3095.16528320312500000000000 594.02416992187500000000000
-365.91140747070312500000000 -3099.42333984375000000000000 593.29791259765625000000000
-365.88796997070312500000000 -3099.86206054687500000000000 593.21319580078125000000000
-365.85992431640625000000000 -3100.38696289062500000000000 593.12915039062500000000000
-365.83233642578125000000000 -3100.90429687500000000000000 593.03753662109375000000000
-365.79525756835937500000000 -3101.59790039062500000000000 592.91357421875000000000000
-365.56723022460937500000000 -3105.86621093750000000000000 592.18774414062500000000000
-365.53829956054687500000000 -3106.40795898437500000000000 592.09619140625000000000000
-365.51330566406250000000000 -3106.87622070312500000000000 591.99902343750000000000000
-365.48672485351562500000000 -3107.37377929687500000000000 591.90478515625000000000000
-365.42669677734375000000000 -3108.49755859375000000000000 591.73419189453125000000000
-365.41802978515625000000000 -3108.65966796875000000000000 591.70764160156250000000000
-365.39028930664062500000000 -3109.17968750000000000000000 591.58843994140625000000000
-365.35647583007812500000000 -3109.81323242187500000000000 591.44433593750000000000000
-365.34213256835937500000000 -3110.08203125000000000000000 591.40478515625000000000000
-365.32525634765625000000000 -3110.39794921875000000000000 591.33642578125000000000000
-365.26412963867187500000000 -3111.54296875000000000000000 591.12689208984375000000000
-365.15072631835937500000000 -3113.66577148437500000000000 590.76556396484375000000000
-364.93045043945312500000000 -3117.78955078125000000000000 590.03771972656250000000000
-364.89221191406250000000000 -3118.50585937500000000000000 589.90905761718750000000000
-364.87612915039062500000000 -3118.80688476562500000000000 589.84283447265625000000000
-364.78775024414062500000000 -3120.46142578125000000000000 589.57452392578125000000000
-364.75772094726562500000000 -3121.02319335937500000000000 589.47430419921875000000000
-364.72869873046875000000000 -3121.56738281250000000000000 589.36047363281250000000000
-364.63156127929687500000000 -3123.38647460937500000000000 589.01477050781250000000000
-364.59542846679687500000000 -3124.06323242187500000000000 588.89532470703125000000000
-364.49871826171875000000000 -3125.87329101562500000000000 588.58587646484375000000000
-364.49520874023437500000000 -3125.93945312500000000000000 588.56396484375000000000000
-364.42547607421875000000000 -3127.24536132812500000000000 588.33081054687500000000000
-364.38537597656250000000000 -3127.99560546875000000000000 588.21136474609375000000000
-364.37634277343750000000000 -3128.16503906250000000000000 588.15307617187500000000000
-364.33068847656250000000000 -3129.02050781250000000000000 587.99267578125000000000000
-364.26644897460937500000000 -3130.22314453125000000000000 587.77966308593750000000000
-364.25234985351562500000000 -3130.48730468750000000000000 587.71990966796875000000000
-364.21072387695312500000000 -3131.26708984375000000000000 587.57092285156250000000000
-364.13861083984375000000000 -3132.61743164062500000000000 587.32653808593750000000000
-364.12231445312500000000000 -3132.92187500000000000000000 587.29321289062500000000000
-364.09170532226562500000000 -3133.49511718750000000000000 587.18664550781250000000000
-364.02935791015625000000000 -3134.66284179687500000000000 586.97064208984375000000000
-364.02322387695312500000000 -3134.77807617187500000000000 586.93133544921875000000000
-363.94259643554687500000000 -3136.28833007812500000000000 586.63470458984375000000000
-363.90933227539062500000000 -3136.91088867187500000000000 586.53802490234375000000000
-363.83843994140625000000000 -3138.23876953125000000000000 586.28161621093750000000000
-363.83044433593750000000000 -3138.38867187500000000000000 586.24932861328125000000000
-363.80227661132812500000000 -3138.91674804687500000000000 586.11328125000000000000000
-363.76730346679687500000000 -3139.57104492187500000000000 586.02264404296875000000000
-363.72540283203125000000000 -3140.35571289062500000000000 585.86975097656250000000000
-363.63272094726562500000000 -3142.09228515625000000000000 585.51959228515625000000000
-363.44934082031250000000000 -3145.52783203125000000000000 584.82415771484375000000000
-363.39715576171875000000000 -3146.50512695312500000000000 584.63702392578125000000000
-363.25796508789062500000000 -3149.11230468750000000000000 584.14447021484375000000000
-363.03921508789062500000000 -3153.20947265625000000000000 583.35900878906250000000000
-362.98254394531250000000000 -3154.27075195312500000000000 583.14685058593750000000000
-362.95101928710937500000000 -3154.86132812500000000000000 583.03717041015625000000000
-362.86807250976562500000000 -3156.41455078125000000000000 582.75598144531250000000000
-362.80087280273437500000000 -3157.67407226562500000000000 582.47125244140625000000000
-362.76379394531250000000000 -3158.36938476562500000000000 582.31646728515625000000000
-362.68115234375000000000000 -3159.91723632812500000000000 582.02520751953125000000000
-362.59243774414062500000000 -3161.57788085937500000000000 581.71124267578125000000000
-362.51028442382812500000000 -3163.11767578125000000000000 581.39233398437500000000000
-362.23092651367187500000000 -3168.35156250000000000000000 580.32330322265625000000000
-362.03359985351562500000000 -3172.04931640625000000000000 579.56097412109375000000000
-361.96618652343750000000000 -3173.31176757812500000000000 579.31433105468750000000000
-361.87963867187500000000000 -3174.93408203125000000000000 578.96398925781250000000000
-361.78375244140625000000000 -3176.73071289062500000000000 578.58380126953125000000000
-361.46844482421875000000000 -3182.64013671875000000000000 577.31256103515625000000000
-361.37658691406250000000000 -3184.36132812500000000000000 576.93884277343750000000000
-361.34960937500000000000000 -3184.86694335937500000000000 576.83721923828125000000000
-361.28326416015625000000000 -3186.11059570312500000000000 576.55938720703125000000000
-361.23101806640625000000000 -3187.09033203125000000000000 576.32946777343750000000000
-361.10552978515625000000000 -3189.44213867187500000000000 575.82476806640625000000000
-361.09924316406250000000000 -3189.56005859375000000000000 575.79980468750000000000000
-360.95101928710937500000000 -3192.33789062500000000000000 575.18951416015625000000000
-360.85647583007812500000000 -3194.10961914062500000000000 574.80957031250000000000000
-360.80795288085937500000000 -3195.01831054687500000000000 574.66021728515625000000000
-360.79452514648437500000000 -3195.27001953125000000000000 574.60644531250000000000000
-360.73098754882812500000000 -3196.46142578125000000000000 574.31036376953125000000000
-360.70196533203125000000000 -3197.00512695312500000000000 574.19671630859375000000000
-360.58270263671875000000000 -3199.24072265625000000000000 573.69830322265625000000000
-360.56161499023437500000000 -3199.63549804687500000000000 573.61596679687500000000000
-360.34765625000000000000000 -3203.64697265625000000000000 572.70837402343750000000000
-360.33813476562500000000000 -3203.82568359375000000000000 572.66442871093750000000000
-360.27621459960937500000000 -3204.98632812500000000000000 572.40673828125000000000000
-360.16363525390625000000000 -3207.09667968750000000000000 571.92596435546875000000000
-360.11203002929687500000000 -3208.06396484375000000000000 571.71862792968750000000000
-360.02822875976562500000000 -3209.63452148437500000000000 571.36682128906250000000000
-359.93096923828125000000000 -3211.45629882812500000000000 570.99591064453125000000000
-359.87609863281250000000000 -3212.48583984375000000000000 570.75787353515625000000000
-359.79223632812500000000000 -3214.05834960937500000000000 570.38684082031250000000000
-359.66485595703125000000000 -3216.44677734375000000000000 569.81274414062500000000000
-359.52752685546875000000000 -3219.02197265625000000000000 569.21270751953125000000000
-359.23730468750000000000000 -3224.46289062500000000000000 567.95831298828125000000000
-359.18392944335937500000000 -3225.46435546875000000000000 567.72314453125000000000000
-358.76776123046875000000000 -3233.26660156250000000000000 565.92846679687500000000000
-358.57415771484375000000000 -3236.89624023437500000000000 565.09796142578125000000000
-358.54486083984375000000000 -3237.44506835937500000000000 564.96759033203125000000000
-358.47155761718750000000000 -3238.82031250000000000000000 564.63623046875000000000000
-358.38290405273437500000000 -3240.48266601562500000000000 564.23437500000000000000000
-358.33953857421875000000000 -3241.29589843750000000000000 564.05334472656250000000000
-358.30609130859375000000000 -3241.92260742187500000000000 563.91473388671875000000000
-358.23913574218750000000000 -3243.17871093750000000000000 563.59704589843750000000000
-358.11135864257812500000000 -3245.57519531250000000000000 563.01690673828125000000000
-357.76940917968750000000000 -3251.98681640625000000000000 561.48083496093750000000000
-357.37509155273437500000000 -3259.38183593750000000000000 559.70959472656250000000000
-356.80081176757812500000000 -3270.15307617187500000000000 557.07849121093750000000000
-356.25381469726562500000000 -3280.41259765625000000000000 554.54260253906250000000000
-356.23678588867187500000000 -3280.73193359375000000000000 554.46313476562500000000000
-355.70123291015625000000000 -3290.77832031250000000000000 551.92883300781250000000000
-355.48812866210937500000000 -3294.77661132812500000000000 550.90484619140625000000000
-355.32028198242187500000000 -3297.92626953125000000000000 550.10198974609375000000000
-355.24237060546875000000000 -3299.38696289062500000000000 549.72766113281250000000000
-355.17309570312500000000000 -3300.68627929687500000000000 549.42211914062500000000000
-355.15899658203125000000000 -3300.95068359375000000000000 549.34960937500000000000000
-355.05282592773437500000000 -3302.94311523437500000000000 548.82006835937500000000000
-354.95764160156250000000000 -3304.72949218750000000000000 548.36480712890625000000000
-354.79367065429687500000000 -3307.80468750000000000000000 547.58325195312500000000000
-354.74249267578125000000000 -3308.76513671875000000000000 547.33123779296875000000000
-354.63919067382812500000000 -3310.70288085937500000000000 546.84887695312500000000000
-354.39242553710937500000000 -3315.33203125000000000000000 545.65802001953125000000000
-354.34808349609375000000000 -3316.16455078125000000000000 545.44049072265625000000000
-354.20468139648437500000000 -3318.85522460937500000000000 544.72302246093750000000000
-353.80447387695312500000000 -3326.36376953125000000000000 542.76080322265625000000000
-353.51065063476562500000000 -3331.87817382812500000000000 541.31262207031250000000000
-353.31185913085937500000000 -3335.60864257812500000000000 540.31512451171875000000000
-353.06436157226562500000000 -3340.25341796875000000000000 539.07324218750000000000000
-352.70745849609375000000000 -3346.95141601562500000000000 537.26074218750000000000000
-352.65670776367187500000000 -3347.90454101562500000000000 536.99645996093750000000000
-352.50555419921875000000000 -3350.73999023437500000000000 536.23175048828125000000000
-352.29141235351562500000000 -3354.76025390625000000000000 535.13580322265625000000000
-352.18350219726562500000000 -3356.78564453125000000000000 534.57934570312500000000000
-351.80401611328125000000000 -3363.90991210937500000000000 532.57073974609375000000000
-351.68429565429687500000000 -3366.15747070312500000000000 531.93878173828125000000000
-351.67089843750000000000000 -3366.40893554687500000000000 531.86804199218750000000000
-351.45693969726562500000000 -3370.42553710937500000000000 530.73559570312500000000000
